Format:           OCCAM2MTMOD_1.0
Model Name:       MODEL MADE BY MTPY.MODELING.OCCAM2D
Description:      SIMPLE INVERSION
Mesh File:        Occam2DMesh
Mesh Type:        PW2D
Statics File:     none
Prejudice File:   none
Binding Offset:      0.0
Num Layers:         26
     2   228
    7    2    2    2    2    2    2    2    2    2    2    2    2    2    2    2    2    2    2    2    2    2    2    2    2    2    2    2    2    2    2    2    2    2    2    2    2    2    2    2    2    2    2    2    2    2    2    2    2    2    2    2    2    2    2    2    2    2    2    2    2    2    2    2    2    2    2    2    2    2    2    2    2    2    2    2    2    2    2    2    2    2    2    2    2    2    2    2    2    2    2    2    2    2    2    2    2    2    2    2    2    2    2    2    2    2    2    2    2    2    2    2    2    2    2    2    2    2    2    2    2    2    2    2    2    2    2    2    2    2    2    2    2    2    2    2    2    2    2    2    2    2    2    2    2    2    2    2    2    2    2    2    2    2    2    2    2    2    2    2    2    2    2    2    2    2    2    2    2    2    2    2    2    2    2    2    2    2    2    2    2    2    2    2    2    2    2    2    2    2    2    2    2    2    2    2    2    2    2    2    2    2    2    2    2    2    2    2    2    2    2    2    2    2    2    2    2    2    2    2    2    2    2    2    2    2    2    7
     1   228
    7    2    2    2    2    2    2    2    2    2    2    2    2    2    2    2    2    2    2    2    2    2    2    2    2    2    2    2    2    2    2    2    2    2    2    2    2    2    2    2    2    2    2    2    2    2    2    2    2    2    2    2    2    2    2    2    2    2    2    2    2    2    2    2    2    2    2    2    2    2    2    2    2    2    2    2    2    2    2    2    2    2    2    2    2    2    2    2    2    2    2    2    2    2    2    2    2    2    2    2    2    2    2    2    2    2    2    2    2    2    2    2    2    2    2    2    2    2    2    2    2    2    2    2    2    2    2    2    2    2    2    2    2    2    2    2    2    2    2    2    2    2    2    2    2    2    2    2    2    2    2    2    2    2    2    2    2    2    2    2    2    2    2    2    2    2    2    2    2    2    2    2    2    2    2    2    2    2    2    2    2    2    2    2    2    2    2    2    2    2    2    2    2    2    2    2    2    2    2    2    2    2    2    2    2    2    2    2    2    2    2    2    2    2    2    2    2    2    2    2    2    2    2    2    2    2    2    7
     1   228
    7    2    2    2    2    2    2    2    2    2    2    2    2    2    2    2    2    2    2    2    2    2    2    2    2    2    2    2    2    2    2    2    2    2    2    2    2    2    2    2    2    2    2    2    2    2    2    2    2    2    2    2    2    2    2    2    2    2    2    2    2    2    2    2    2    2    2    2    2    2    2    2    2    2    2    2    2    2    2    2    2    2    2    2    2    2    2    2    2    2    2    2    2    2    2    2    2    2    2    2    2    2    2    2    2    2    2    2    2    2    2    2    2    2    2    2    2    2    2    2    2    2    2    2    2    2    2    2    2    2    2    2    2    2    2    2    2    2    2    2    2    2    2    2    2    2    2    2    2    2    2    2    2    2    2    2    2    2    2    2    2    2    2    2    2    2    2    2    2    2    2    2    2    2    2    2    2    2    2    2    2    2    2    2    2    2    2    2    2    2    2    2    2    2    2    2    2    2    2    2    2    2    2    2    2    2    2    2    2    2    2    2    2    2    2    2    2    2    2    2    2    2    2    2    2    2    2    7
     1   228
    7    2    2    2    2    2    2    2    2    2    2    2    2    2    2    2    2    2    2    2    2    2    2    2    2    2    2    2    2    2    2    2    2    2    2    2    2    2    2    2    2    2    2    2    2    2    2    2    2    2    2    2    2    2    2    2    2    2    2    2    2    2    2    2    2    2    2    2    2    2    2    2    2    2    2    2    2    2    2    2    2    2    2    2    2    2    2    2    2    2    2    2    2    2    2    2    2    2    2    2    2    2    2    2    2    2    2    2    2    2    2    2    2    2    2    2    2    2    2    2    2    2    2    2    2    2    2    2    2    2    2    2    2    2    2    2    2    2    2    2    2    2    2    2    2    2    2    2    2    2    2    2    2    2    2    2    2    2    2    2    2    2    2    2    2    2    2    2    2    2    2    2    2    2    2    2    2    2    2    2    2    2    2    2    2    2    2    2    2    2    2    2    2    2    2    2    2    2    2    2    2    2    2    2    2    2    2    2    2    2    2    2    2    2    2    2    2    2    2    2    2    2    2    2    2    2    2    7
     1   228
    7    2    2    2    2    2    2    2    2    2    2    2    2    2    2    2    2    2    2    2    2    2    2    2    2    2    2    2    2    2    2    2    2    2    2    2    2    2    2    2    2    2    2    2    2    2    2    2    2    2    2    2    2    2    2    2    2    2    2    2    2    2    2    2    2    2    2    2    2    2    2    2    2    2    2    2    2    2    2    2    2    2    2    2    2    2    2    2    2    2    2    2    2    2    2    2    2    2    2    2    2    2    2    2    2    2    2    2    2    2    2    2    2    2    2    2    2    2    2    2    2    2    2    2    2    2    2    2    2    2    2    2    2    2    2    2    2    2    2    2    2    2    2    2    2    2    2    2    2    2    2    2    2    2    2    2    2    2    2    2    2    2    2    2    2    2    2    2    2    2    2    2    2    2    2    2    2    2    2    2    2    2    2    2    2    2    2    2    2    2    2    2    2    2    2    2    2    2    2    2    2    2    2    2    2    2    2    2    2    2    2    2    2    2    2    2    2    2    2    2    2    2    2    2    2    2    2    7
     1   228
    7    2    2    2    2    2    2    2    2    2    2    2    2    2    2    2    2    2    2    2    2    2    2    2    2    2    2    2    2    2    2    2    2    2    2    2    2    2    2    2    2    2    2    2    2    2    2    2    2    2    2    2    2    2    2    2    2    2    2    2    2    2    2    2    2    2    2    2    2    2    2    2    2    2    2    2    2    2    2    2    2    2    2    2    2    2    2    2    2    2    2    2    2    2    2    2    2    2    2    2    2    2    2    2    2    2    2    2    2    2    2    2    2    2    2    2    2    2    2    2    2    2    2    2    2    2    2    2    2    2    2    2    2    2    2    2    2    2    2    2    2    2    2    2    2    2    2    2    2    2    2    2    2    2    2    2    2    2    2    2    2    2    2    2    2    2    2    2    2    2    2    2    2    2    2    2    2    2    2    2    2    2    2    2    2    2    2    2    2    2    2    2    2    2    2    2    2    2    2    2    2    2    2    2    2    2    2    2    2    2    2    2    2    2    2    2    2    2    2    2    2    2    2    2    2    2    2    7
     1   228
    7    2    2    2    2    2    2    2    2    2    2    2    2    2    2    2    2    2    2    2    2    2    2    2    2    2    2    2    2    2    2    2    2    2    2    2    2    2    2    2    2    2    2    2    2    2    2    2    2    2    2    2    2    2    2    2    2    2    2    2    2    2    2    2    2    2    2    2    2    2    2    2    2    2    2    2    2    2    2    2    2    2    2    2    2    2    2    2    2    2    2    2    2    2    2    2    2    2    2    2    2    2    2    2    2    2    2    2    2    2    2    2    2    2    2    2    2    2    2    2    2    2    2    2    2    2    2    2    2    2    2    2    2    2    2    2    2    2    2    2    2    2    2    2    2    2    2    2    2    2    2    2    2    2    2    2    2    2    2    2    2    2    2    2    2    2    2    2    2    2    2    2    2    2    2    2    2    2    2    2    2    2    2    2    2    2    2    2    2    2    2    2    2    2    2    2    2    2    2    2    2    2    2    2    2    2    2    2    2    2    2    2    2    2    2    2    2    2    2    2    2    2    2    2    2    2    2    7
     1   228
    7    2    2    2    2    2    2    2    2    2    2    2    2    2    2    2    2    2    2    2    2    2    2    2    2    2    2    2    2    2    2    2    2    2    2    2    2    2    2    2    2    2    2    2    2    2    2    2    2    2    2    2    2    2    2    2    2    2    2    2    2    2    2    2    2    2    2    2    2    2    2    2    2    2    2    2    2    2    2    2    2    2    2    2    2    2    2    2    2    2    2    2    2    2    2    2    2    2    2    2    2    2    2    2    2    2    2    2    2    2    2    2    2    2    2    2    2    2    2    2    2    2    2    2    2    2    2    2    2    2    2    2    2    2    2    2    2    2    2    2    2    2    2    2    2    2    2    2    2    2    2    2    2    2    2    2    2    2    2    2    2    2    2    2    2    2    2    2    2    2    2    2    2    2    2    2    2    2    2    2    2    2    2    2    2    2    2    2    2    2    2    2    2    2    2    2    2    2    2    2    2    2    2    2    2    2    2    2    2    2    2    2    2    2    2    2    2    2    2    2    2    2    2    2    2    2    2    7
     1   222
    7    2    2    2    2    2    2    2    2    2    2    2    2    2    2    2    2    2    2    2    2    2    2    2    2    2    2    2    2    2    2    2    2    2    2    2    2    4    2    2    2    2    2    2    2    2    2    2    2    2    2    2    2    2    2    2    2    2    2    2    2    2    2    2    2    2    2    2    2    2    2    2    2    2    2    2    2    2    2    2    2    2    2    2    2    2    2    2    2    2    2    2    2    2    2    2    2    2    2    2    2    2    2    2    2    2    2    2    2    2    2    2    2    2    2    2    4    2    2    2    2    2    2    2    2    2    2    2    2    2    4    2    2    2    2    2    2    2    2    2    2    2    2    2    2    2    2    2    2    2    2    2    2    2    2    2    2    2    2    2    2    2    2    4    2    2    2    2    2    2    2    2    2    4    2    2    2    2    2    2    2    2    2    2    2    2    2    2    2    2    2    2    2    2    2    2    2    2    2    2    2    2    2    2    2    2    4    2    2    2    2    2    2    2    2    2    2    2    2    2    2    7
     1   222
    7    2    2    2    2    2    2    2    2    2    2    2    2    2    2    2    2    2    2    2    2    2    2    2    2    2    2    2    2    2    2    2    2    2    2    2    2    4    2    2    2    2    2    2    2    2    2    2    2    2    2    2    2    2    2    2    2    2    2    2    2    2    2    2    2    2    2    2    2    2    2    2    2    2    2    2    2    2    2    2    2    2    2    2    2    2    2    2    2    2    2    2    2    2    2    2    2    2    2    2    2    2    2    2    2    2    2    2    2    2    2    2    2    2    2    2    4    2    2    2    2    2    2    2    2    2    2    2    2    2    4    2    2    2    2    2    2    2    2    2    2    2    2    2    2    2    2    2    2    2    2    2    2    2    2    2    2    2    2    2    2    2    2    4    2    2    2    2    2    2    2    2    2    4    2    2    2    2    2    2    2    2    2    2    2    2    2    2    2    2    2    2    2    2    2    2    2    2    2    2    2    2    2    2    2    2    4    2    2    2    2    2    2    2    2    2    2    2    2    2    2    7
     1   222
    7    2    2    2    2    2    2    2    2    2    2    2    2    2    2    2    2    2    2    2    2    2    2    2    2    2    2    2    2    2    2    2    2    2    2    2    2    4    2    2    2    2    2    2    2    2    2    2    2    2    2    2    2    2    2    2    2    2    2    2    2    2    2    2    2    2    2    2    2    2    2    2    2    2    2    2    2    2    2    2    2    2    2    2    2    2    2    2    2    2    2    2    2    2    2    2    2    2    2    2    2    2    2    2    2    2    2    2    2    2    2    2    2    2    2    2    4    2    2    2    2    2    2    2    2    2    2    2    2    2    4    2    2    2    2    2    2    2    2    2    2    2    2    2    2    2    2    2    2    2    2    2    2    2    2    2    2    2    2    2    2    2    2    4    2    2    2    2    2    2    2    2    2    4    2    2    2    2    2    2    2    2    2    2    2    2    2    2    2    2    2    2    2    2    2    2    2    2    2    2    2    2    2    2    2    2    4    2    2    2    2    2    2    2    2    2    2    2    2    2    2    7
     1   222
    7    2    2    2    2    2    2    2    2    2    2    2    2    2    2    2    2    2    2    2    2    2    2    2    2    2    2    2    2    2    2    2    2    2    2    2    2    4    2    2    2    2    2    2    2    2    2    2    2    2    2    2    2    2    2    2    2    2    2    2    2    2    2    2    2    2    2    2    2    2    2    2    2    2    2    2    2    2    2    2    2    2    2    2    2    2    2    2    2    2    2    2    2    2    2    2    2    2    2    2    2    2    2    2    2    2    2    2    2    2    2    2    2    2    2    2    4    2    2    2    2    2    2    2    2    2    2    2    2    2    4    2    2    2    2    2    2    2    2    2    2    2    2    2    2    2    2    2    2    2    2    2    2    2    2    2    2    2    2    2    2    2    2    4    2    2    2    2    2    2    2    2    2    4    2    2    2    2    2    2    2    2    2    2    2    2    2    2    2    2    2    2    2    2    2    2    2    2    2    2    2    2    2    2    2    2    4    2    2    2    2    2    2    2    2    2    2    2    2    2    2    7
     1   114
    7    4    4    4    4    4    4    4    4    4    4    4    4    4    4    4    4    4    4    6    4    4    4    4    4    4    4    4    4    4    4    4    4    4    4    4    4    4    4    4    4    4    4    4    4    4    4    4    4    4    4    4    4    4    4    4    4    4    6    4    4    4    4    4    4    2    6    4    4    4    4    4    4    4    4    4    4    4    4    4    4    4    2    4    4    4    4    4    6    4    4    4    4    4    4    4    4    4    4    4    4    4    4    4    4    6    4    4    4    4    4    4    2    7
     1   114
    7    4    4    4    4    4    4    4    4    4    4    4    4    4    4    4    4    4    4    6    4    4    4    4    4    4    4    4    4    4    4    4    4    4    4    4    4    4    4    4    4    4    4    4    4    4    4    4    4    4    4    4    4    4    4    4    4    4    6    4    4    4    4    4    4    2    6    4    4    4    4    4    4    4    4    4    4    4    4    4    4    4    2    4    4    4    4    4    6    4    4    4    4    4    4    4    4    4    4    4    4    4    4    4    4    6    4    4    4    4    4    4    2    7
     1   112
    7    4    4    4    4    4    4    4    4    4    4    4    4    4    4    4    4    4    4    6    4    4    4    4    4    4    4    4    4    4    4    4    4    4    4    4    4    4    4    4    4    4    4    4    4    4    4    4    4    4    4    4    4    4    4    4    4    4    6    4    4    4    4    4    6    6    4    4    4    4    4    4    4    4    4    4    4    4    4    4    6    4    4    4    4    4    6    4    4    4    4    4    4    4    4    4    4    4    4    4    4    4    4    6    4    4    4    4    4    4    2    7
     1   112
    7    4    4    4    4    4    4    4    4    4    4    4    4    4    4    4    4    4    4    6    4    4    4    4    4    4    4    4    4    4    4    4    4    4    4    4    4    4    4    4    4    4    4    4    4    4    4    4    4    4    4    4    4    4    4    4    4    4    6    4    4    4    4    4    6    6    4    4    4    4    4    4    4    4    4    4    4    4    4    4    6    4    4    4    4    4    6    4    4    4    4    4    4    4    4    4    4    4    4    4    4    4    4    6    4    4    4    4    4    4    2    7
     1    63
    7    4    8    8    8    8    8    8    8    8    4    6    8    8    8    8    8    8    8    8    8    8    8    8    8    8    8    8    8    8    8    6    8    8    4    6    6    8    8    8    8    8    8    8    6    8    8    4    6    8    8    8    8    8    8    8    8    6    8    8    8    2    7
     1    60
    7    4    8    8    8    8    8    8    8    8   10    8    8    8    8    8    8    8    8    8    8    8    8    8    8    8    8    8    8    8    6    8    8   10    6    8    8    8    8    8    8    8    6    8    8   10    8    8    8    8    8    8    8    8    6    8    8    8    2    7
     1    60
    7    4    8    8    8    8    8    8    8    8   10    8    8    8    8    8    8    8    8    8    8    8    8    8    8    8    8    8    8    8    6    8    8   10    6    8    8    8    8    8    8    8    6    8    8   10    8    8    8    8    8    8    8    8    6    8    8    8    2    7
     1    59
    7    4    8    8    8    8    8    8    8    8   10    8    8    8    8    8    8    8    8    8    8    8    8    8    8    8    8    8    8    8    6    8    8   10    6    8    8    8    8    8    8    8    6    8    8   10    8    8    8    8    8    8    8    8    6    8    8   10    7
     1    54
    7   12    8    8    8    8    8    8    8   10    8    8    8    8    8    8    8    8    8    8    8    8    8    8    8    8    8    8   14    8    8   10   14    8    8    8    8    8    8   14    8   10    8    8    8    8    8    8    8   14    8    8   10    7
     1    54
    7   12    8    8    8    8    8    8    8   10    8    8    8    8    8    8    8    8    8    8    8    8    8    8    8    8    8    8   14    8    8   10   14    8    8    8    8    8    8   14    8   10    8    8    8    8    8    8    8   14    8    8   10    7
     1    32
    7   12   16   16   16   18   16   16   16   16   16   16   16   16   16   14   16   10   14   16   16   16   14   18   16   16   16    8   14   16   10    7
     1    32
    7   12   16   16   16   18   16   16   16   16   16   16   16   16   16   14   16   10   14   16   16   16   14   18   16   16   16    8   14   16   10    7
     1    32
    7   12   16   16   16   18   16   16   16   16   16   16   16   16   16   14   16   10   14   16   16   16   14   18   16   16   16    8   14   16   10    7
     5     3
    7  452    7
NO. EXCEPTIONS:   0
