Format:             OCCAMITER_FLEX
Description:        startup created by mtpy
Model File:         Occam2DModel
Data File:          OccamDataFile.dat
Date/Time:          Sun Oct 31 17:02:41 2021
Iterations to run:  100.0
Target Misfit:      1.0
Roughness Type:     1
Diagonal Penalties: 0
Stepsize Cut Count: 8
!Model Limits:      none
!Model Value Steps: none
Debug Level:        1
Iteration:          0
Lagrange Value:     5.0
Roughness Value:    10000000000.0
Misfit Value:       1000
Misfit Reached:     0
Param Count:        3613
  1.0000    1.0000    1.0000    1.0000  
  1.0000    1.0000    1.0000    1.0000  
  1.0000    1.0000    1.0000    1.0000  
  1.0000    1.0000    1.0000    1.0000  
  1.0000    1.0000    1.0000    1.0000  
  1.0000    1.0000    1.0000    1.0000  
  1.0000    1.0000    1.0000    1.0000  
  1.0000    1.0000    1.0000    1.0000  
  1.0000    1.0000    1.0000    1.0000  
  1.0000    1.0000    1.0000    1.0000  
  1.0000    1.0000    1.0000    1.0000  
  1.0000    1.0000    1.0000    1.0000  
  1.0000    1.0000    1.0000    1.0000  
  1.0000    1.0000    1.0000    1.0000  
  1.0000    1.0000    1.0000    1.0000  
  1.0000    1.0000    1.0000    1.0000  
  1.0000    1.0000    1.0000    1.0000  
  1.0000    1.0000    1.0000    1.0000  
  1.0000    1.0000    1.0000    1.0000  
  1.0000    1.0000    1.0000    1.0000  
  1.0000    1.0000    1.0000    1.0000  
  1.0000    1.0000    1.0000    1.0000  
  1.0000    1.0000    1.0000    1.0000  
  1.0000    1.0000    1.0000    1.0000  
  1.0000    1.0000    1.0000    1.0000  
  1.0000    1.0000    1.0000    1.0000  
  1.0000    1.0000    1.0000    1.0000  
  1.0000    1.0000    1.0000    1.0000  
  1.0000    1.0000    1.0000    1.0000  
  1.0000    1.0000    1.0000    1.0000  
  1.0000    1.0000    1.0000    1.0000  
  1.0000    1.0000    1.0000    1.0000  
  1.0000    1.0000    1.0000    1.0000  
  1.0000    1.0000    1.0000    1.0000  
  1.0000    1.0000    1.0000    1.0000  
  1.0000    1.0000    1.0000    1.0000  
  1.0000    1.0000    1.0000    1.0000  
  1.0000    1.0000    1.0000    1.0000  
  1.0000    1.0000    1.0000    1.0000  
  1.0000    1.0000    1.0000    1.0000  
  1.0000    1.0000    1.0000    1.0000  
  1.0000    1.0000    1.0000    1.0000  
  1.0000    1.0000    1.0000    1.0000  
  1.0000    1.0000    1.0000    1.0000  
  1.0000    1.0000    1.0000    1.0000  
  1.0000    1.0000    1.0000    1.0000  
  1.0000    1.0000    1.0000    1.0000  
  1.0000    1.0000    1.0000    1.0000  
  1.0000    1.0000    1.0000    1.0000  
  1.0000    1.0000    1.0000    1.0000  
  1.0000    1.0000    1.0000    1.0000  
  1.0000    1.0000    1.0000    1.0000  
  1.0000    1.0000    1.0000    1.0000  
  1.0000    1.0000    1.0000    1.0000  
  1.0000    1.0000    1.0000    1.0000  
  1.0000    1.0000    1.0000    1.0000  
  1.0000    1.0000    1.0000    1.0000  
  1.0000    1.0000    1.0000    1.0000  
  1.0000    1.0000    1.0000    1.0000  
  1.0000    1.0000    1.0000    1.0000  
  1.0000    1.0000    1.0000    1.0000  
  1.0000    1.0000    1.0000    1.0000  
  1.0000    1.0000    1.0000    1.0000  
  1.0000    1.0000    1.0000    1.0000  
  1.0000    1.0000    1.0000    1.0000  
  1.0000    1.0000    1.0000    1.0000  
  1.0000    1.0000    1.0000    1.0000  
  1.0000    1.0000    1.0000    1.0000  
  1.0000    1.0000    1.0000    1.0000  
  1.0000    1.0000    1.0000    1.0000  
  1.0000    1.0000    1.0000    1.0000  
  1.0000    1.0000    1.0000    1.0000  
  1.0000    1.0000    1.0000    1.0000  
  1.0000    1.0000    1.0000    1.0000  
  1.0000    1.0000    1.0000    1.0000  
  1.0000    1.0000    1.0000    1.0000  
  1.0000    1.0000    1.0000    1.0000  
  1.0000    1.0000    1.0000    1.0000  
  1.0000    1.0000    1.0000    1.0000  
  1.0000    1.0000    1.0000    1.0000  
  1.0000    1.0000    1.0000    1.0000  
  1.0000    1.0000    1.0000    1.0000  
  1.0000    1.0000    1.0000    1.0000  
  1.0000    1.0000    1.0000    1.0000  
  1.0000    1.0000    1.0000    1.0000  
  1.0000    1.0000    1.0000    1.0000  
  1.0000    1.0000    1.0000    1.0000  
  1.0000    1.0000    1.0000    1.0000  
  1.0000    1.0000    1.0000    1.0000  
  1.0000    1.0000    1.0000    1.0000  
  1.0000    1.0000    1.0000    1.0000  
  1.0000    1.0000    1.0000    1.0000  
  1.0000    1.0000    1.0000    1.0000  
  1.0000    1.0000    1.0000    1.0000  
  1.0000    1.0000    1.0000    1.0000  
  1.0000    1.0000    1.0000    1.0000  
  1.0000    1.0000    1.0000    1.0000  
  1.0000    1.0000    1.0000    1.0000  
  1.0000    1.0000    1.0000    1.0000  
  1.0000    1.0000    1.0000    1.0000  
  1.0000    1.0000    1.0000    1.0000  
  1.0000    1.0000    1.0000    1.0000  
  1.0000    1.0000    1.0000    1.0000  
  1.0000    1.0000    1.0000    1.0000  
  1.0000    1.0000    1.0000    1.0000  
  1.0000    1.0000    1.0000    1.0000  
  1.0000    1.0000    1.0000    1.0000  
  1.0000    1.0000    1.0000    1.0000  
  1.0000    1.0000    1.0000    1.0000  
  1.0000    1.0000    1.0000    1.0000  
  1.0000    1.0000    1.0000    1.0000  
  1.0000    1.0000    1.0000    1.0000  
  1.0000    1.0000    1.0000    1.0000  
  1.0000    1.0000    1.0000    1.0000  
  1.0000    1.0000    1.0000    1.0000  
  1.0000    1.0000    1.0000    1.0000  
  1.0000    1.0000    1.0000    1.0000  
  1.0000    1.0000    1.0000    1.0000  
  1.0000    1.0000    1.0000    1.0000  
  1.0000    1.0000    1.0000    1.0000  
  1.0000    1.0000    1.0000    1.0000  
  1.0000    1.0000    1.0000    1.0000  
  1.0000    1.0000    1.0000    1.0000  
  1.0000    1.0000    1.0000    1.0000  
  1.0000    1.0000    1.0000    1.0000  
  1.0000    1.0000    1.0000    1.0000  
  1.0000    1.0000    1.0000    1.0000  
  1.0000    1.0000    1.0000    1.0000  
  1.0000    1.0000    1.0000    1.0000  
  1.0000    1.0000    1.0000    1.0000  
  1.0000    1.0000    1.0000    1.0000  
  1.0000    1.0000    1.0000    1.0000  
  1.0000    1.0000    1.0000    1.0000  
  1.0000    1.0000    1.0000    1.0000  
  1.0000    1.0000    1.0000    1.0000  
  1.0000    1.0000    1.0000    1.0000  
  1.0000    1.0000    1.0000    1.0000  
  1.0000    1.0000    1.0000    1.0000  
  1.0000    1.0000    1.0000    1.0000  
  1.0000    1.0000    1.0000    1.0000  
  1.0000    1.0000    1.0000    1.0000  
  1.0000    1.0000    1.0000    1.0000  
  1.0000    1.0000    1.0000    1.0000  
  1.0000    1.0000    1.0000    1.0000  
  1.0000    1.0000    1.0000    1.0000  
  1.0000    1.0000    1.0000    1.0000  
  1.0000    1.0000    1.0000    1.0000  
  1.0000    1.0000    1.0000    1.0000  
  1.0000    1.0000    1.0000    1.0000  
  1.0000    1.0000    1.0000    1.0000  
  1.0000    1.0000    1.0000    1.0000  
  1.0000    1.0000    1.0000    1.0000  
  1.0000    1.0000    1.0000    1.0000  
  1.0000    1.0000    1.0000    1.0000  
  1.0000    1.0000    1.0000    1.0000  
  1.0000    1.0000    1.0000    1.0000  
  1.0000    1.0000    1.0000    1.0000  
  1.0000    1.0000    1.0000    1.0000  
  1.0000    1.0000    1.0000    1.0000  
  1.0000    1.0000    1.0000    1.0000  
  1.0000    1.0000    1.0000    1.0000  
  1.0000    1.0000    1.0000    1.0000  
  1.0000    1.0000    1.0000    1.0000  
  1.0000    1.0000    1.0000    1.0000  
  1.0000    1.0000    1.0000    1.0000  
  1.0000    1.0000    1.0000    1.0000  
  1.0000    1.0000    1.0000    1.0000  
  1.0000    1.0000    1.0000    1.0000  
  1.0000    1.0000    1.0000    1.0000  
  1.0000    1.0000    1.0000    1.0000  
  1.0000    1.0000    1.0000    1.0000  
  1.0000    1.0000    1.0000    1.0000  
  1.0000    1.0000    1.0000    1.0000  
  1.0000    1.0000    1.0000    1.0000  
  1.0000    1.0000    1.0000    1.0000  
  1.0000    1.0000    1.0000    1.0000  
  1.0000    1.0000    1.0000    1.0000  
  1.0000    1.0000    1.0000    1.0000  
  1.0000    1.0000    1.0000    1.0000  
  1.0000    1.0000    1.0000    1.0000  
  1.0000    1.0000    1.0000    1.0000  
  1.0000    1.0000    1.0000    1.0000  
  1.0000    1.0000    1.0000    1.0000  
  1.0000    1.0000    1.0000    1.0000  
  1.0000    1.0000    1.0000    1.0000  
  1.0000    1.0000    1.0000    1.0000  
  1.0000    1.0000    1.0000    1.0000  
  1.0000    1.0000    1.0000    1.0000  
  1.0000    1.0000    1.0000    1.0000  
  1.0000    1.0000    1.0000    1.0000  
  1.0000    1.0000    1.0000    1.0000  
  1.0000    1.0000    1.0000    1.0000  
  1.0000    1.0000    1.0000    1.0000  
  1.0000    1.0000    1.0000    1.0000  
  1.0000    1.0000    1.0000    1.0000  
  1.0000    1.0000    1.0000    1.0000  
  1.0000    1.0000    1.0000    1.0000  
  1.0000    1.0000    1.0000    1.0000  
  1.0000    1.0000    1.0000    1.0000  
  1.0000    1.0000    1.0000    1.0000  
  1.0000    1.0000    1.0000    1.0000  
  1.0000    1.0000    1.0000    1.0000  
  1.0000    1.0000    1.0000    1.0000  
  1.0000    1.0000    1.0000    1.0000  
  1.0000    1.0000    1.0000    1.0000  
  1.0000    1.0000    1.0000    1.0000  
  1.0000    1.0000    1.0000    1.0000  
  1.0000    1.0000    1.0000    1.0000  
  1.0000    1.0000    1.0000    1.0000  
  1.0000    1.0000    1.0000    1.0000  
  1.0000    1.0000    1.0000    1.0000  
  1.0000    1.0000    1.0000    1.0000  
  1.0000    1.0000    1.0000    1.0000  
  1.0000    1.0000    1.0000    1.0000  
  1.0000    1.0000    1.0000    1.0000  
  1.0000    1.0000    1.0000    1.0000  
  1.0000    1.0000    1.0000    1.0000  
  1.0000    1.0000    1.0000    1.0000  
  1.0000    1.0000    1.0000    1.0000  
  1.0000    1.0000    1.0000    1.0000  
  1.0000    1.0000    1.0000    1.0000  
  1.0000    1.0000    1.0000    1.0000  
  1.0000    1.0000    1.0000    1.0000  
  1.0000    1.0000    1.0000    1.0000  
  1.0000    1.0000    1.0000    1.0000  
  1.0000    1.0000    1.0000    1.0000  
  1.0000    1.0000    1.0000    1.0000  
  1.0000    1.0000    1.0000    1.0000  
  1.0000    1.0000    1.0000    1.0000  
  1.0000    1.0000    1.0000    1.0000  
  1.0000    1.0000    1.0000    1.0000  
  1.0000    1.0000    1.0000    1.0000  
  1.0000    1.0000    1.0000    1.0000  
  1.0000    1.0000    1.0000    1.0000  
  1.0000    1.0000    1.0000    1.0000  
  1.0000    1.0000    1.0000    1.0000  
  1.0000    1.0000    1.0000    1.0000  
  1.0000    1.0000    1.0000    1.0000  
  1.0000    1.0000    1.0000    1.0000  
  1.0000    1.0000    1.0000    1.0000  
  1.0000    1.0000    1.0000    1.0000  
  1.0000    1.0000    1.0000    1.0000  
  1.0000    1.0000    1.0000    1.0000  
  1.0000    1.0000    1.0000    1.0000  
  1.0000    1.0000    1.0000    1.0000  
  1.0000    1.0000    1.0000    1.0000  
  1.0000    1.0000    1.0000    1.0000  
  1.0000    1.0000    1.0000    1.0000  
  1.0000    1.0000    1.0000    1.0000  
  1.0000    1.0000    1.0000    1.0000  
  1.0000    1.0000    1.0000    1.0000  
  1.0000    1.0000    1.0000    1.0000  
  1.0000    1.0000    1.0000    1.0000  
  1.0000    1.0000    1.0000    1.0000  
  1.0000    1.0000    1.0000    1.0000  
  1.0000    1.0000    1.0000    1.0000  
  1.0000    1.0000    1.0000    1.0000  
  1.0000    1.0000    1.0000    1.0000  
  1.0000    1.0000    1.0000    1.0000  
  1.0000    1.0000    1.0000    1.0000  
  1.0000    1.0000    1.0000    1.0000  
  1.0000    1.0000    1.0000    1.0000  
  1.0000    1.0000    1.0000    1.0000  
  1.0000    1.0000    1.0000    1.0000  
  1.0000    1.0000    1.0000    1.0000  
  1.0000    1.0000    1.0000    1.0000  
  1.0000    1.0000    1.0000    1.0000  
  1.0000    1.0000    1.0000    1.0000  
  1.0000    1.0000    1.0000    1.0000  
  1.0000    1.0000    1.0000    1.0000  
  1.0000    1.0000    1.0000    1.0000  
  1.0000    1.0000    1.0000    1.0000  
  1.0000    1.0000    1.0000    1.0000  
  1.0000    1.0000    1.0000    1.0000  
  1.0000    1.0000    1.0000    1.0000  
  1.0000    1.0000    1.0000    1.0000  
  1.0000    1.0000    1.0000    1.0000  
  1.0000    1.0000    1.0000    1.0000  
  1.0000    1.0000    1.0000    1.0000  
  1.0000    1.0000    1.0000    1.0000  
  1.0000    1.0000    1.0000    1.0000  
  1.0000    1.0000    1.0000    1.0000  
  1.0000    1.0000    1.0000    1.0000  
  1.0000    1.0000    1.0000    1.0000  
  1.0000    1.0000    1.0000    1.0000  
  1.0000    1.0000    1.0000    1.0000  
  1.0000    1.0000    1.0000    1.0000  
  1.0000    1.0000    1.0000    1.0000  
  1.0000    1.0000    1.0000    1.0000  
  1.0000    1.0000    1.0000    1.0000  
  1.0000    1.0000    1.0000    1.0000  
  1.0000    1.0000    1.0000    1.0000  
  1.0000    1.0000    1.0000    1.0000  
  1.0000    1.0000    1.0000    1.0000  
  1.0000    1.0000    1.0000    1.0000  
  1.0000    1.0000    1.0000    1.0000  
  1.0000    1.0000    1.0000    1.0000  
  1.0000    1.0000    1.0000    1.0000  
  1.0000    1.0000    1.0000    1.0000  
  1.0000    1.0000    1.0000    1.0000  
  1.0000    1.0000    1.0000    1.0000  
  1.0000    1.0000    1.0000    1.0000  
  1.0000    1.0000    1.0000    1.0000  
  1.0000    1.0000    1.0000    1.0000  
  1.0000    1.0000    1.0000    1.0000  
  1.0000    1.0000    1.0000    1.0000  
  1.0000    1.0000    1.0000    1.0000  
  1.0000    1.0000    1.0000    1.0000  
  1.0000    1.0000    1.0000    1.0000  
  1.0000    1.0000    1.0000    1.0000  
  1.0000    1.0000    1.0000    1.0000  
  1.0000    1.0000    1.0000    1.0000  
  1.0000    1.0000    1.0000    1.0000  
  1.0000    1.0000    1.0000    1.0000  
  1.0000    1.0000    1.0000    1.0000  
  1.0000    1.0000    1.0000    1.0000  
  1.0000    1.0000    1.0000    1.0000  
  1.0000    1.0000    1.0000    1.0000  
  1.0000    1.0000    1.0000    1.0000  
  1.0000    1.0000    1.0000    1.0000  
  1.0000    1.0000    1.0000    1.0000  
  1.0000    1.0000    1.0000    1.0000  
  1.0000    1.0000    1.0000    1.0000  
  1.0000    1.0000    1.0000    1.0000  
  1.0000    1.0000    1.0000    1.0000  
  1.0000    1.0000    1.0000    1.0000  
  1.0000    1.0000    1.0000    1.0000  
  1.0000    1.0000    1.0000    1.0000  
  1.0000    1.0000    1.0000    1.0000  
  1.0000    1.0000    1.0000    1.0000  
  1.0000    1.0000    1.0000    1.0000  
  1.0000    1.0000    1.0000    1.0000  
  1.0000    1.0000    1.0000    1.0000  
  1.0000    1.0000    1.0000    1.0000  
  1.0000    1.0000    1.0000    1.0000  
  1.0000    1.0000    1.0000    1.0000  
  1.0000    1.0000    1.0000    1.0000  
  1.0000    1.0000    1.0000    1.0000  
  1.0000    1.0000    1.0000    1.0000  
  1.0000    1.0000    1.0000    1.0000  
  1.0000    1.0000    1.0000    1.0000  
  1.0000    1.0000    1.0000    1.0000  
  1.0000    1.0000    1.0000    1.0000  
  1.0000    1.0000    1.0000    1.0000  
  1.0000    1.0000    1.0000    1.0000  
  1.0000    1.0000    1.0000    1.0000  
  1.0000    1.0000    1.0000    1.0000  
  1.0000    1.0000    1.0000    1.0000  
  1.0000    1.0000    1.0000    1.0000  
  1.0000    1.0000    1.0000    1.0000  
  1.0000    1.0000    1.0000    1.0000  
  1.0000    1.0000    1.0000    1.0000  
  1.0000    1.0000    1.0000    1.0000  
  1.0000    1.0000    1.0000    1.0000  
  1.0000    1.0000    1.0000    1.0000  
  1.0000    1.0000    1.0000    1.0000  
  1.0000    1.0000    1.0000    1.0000  
  1.0000    1.0000    1.0000    1.0000  
  1.0000    1.0000    1.0000    1.0000  
  1.0000    1.0000    1.0000    1.0000  
  1.0000    1.0000    1.0000    1.0000  
  1.0000    1.0000    1.0000    1.0000  
  1.0000    1.0000    1.0000    1.0000  
  1.0000    1.0000    1.0000    1.0000  
  1.0000    1.0000    1.0000    1.0000  
  1.0000    1.0000    1.0000    1.0000  
  1.0000    1.0000    1.0000    1.0000  
  1.0000    1.0000    1.0000    1.0000  
  1.0000    1.0000    1.0000    1.0000  
  1.0000    1.0000    1.0000    1.0000  
  1.0000    1.0000    1.0000    1.0000  
  1.0000    1.0000    1.0000    1.0000  
  1.0000    1.0000    1.0000    1.0000  
  1.0000    1.0000    1.0000    1.0000  
  1.0000    1.0000    1.0000    1.0000  
  1.0000    1.0000    1.0000    1.0000  
  1.0000    1.0000    1.0000    1.0000  
  1.0000    1.0000    1.0000    1.0000  
  1.0000    1.0000    1.0000    1.0000  
  1.0000    1.0000    1.0000    1.0000  
  1.0000    1.0000    1.0000    1.0000  
  1.0000    1.0000    1.0000    1.0000  
  1.0000    1.0000    1.0000    1.0000  
  1.0000    1.0000    1.0000    1.0000  
  1.0000    1.0000    1.0000    1.0000  
  1.0000    1.0000    1.0000    1.0000  
  1.0000    1.0000    1.0000    1.0000  
  1.0000    1.0000    1.0000    1.0000  
  1.0000    1.0000    1.0000    1.0000  
  1.0000    1.0000    1.0000    1.0000  
  1.0000    1.0000    1.0000    1.0000  
  1.0000    1.0000    1.0000    1.0000  
  1.0000    1.0000    1.0000    1.0000  
  1.0000    1.0000    1.0000    1.0000  
  1.0000    1.0000    1.0000    1.0000  
  1.0000    1.0000    1.0000    1.0000  
  1.0000    1.0000    1.0000    1.0000  
  1.0000    1.0000    1.0000    1.0000  
  1.0000    1.0000    1.0000    1.0000  
  1.0000    1.0000    1.0000    1.0000  
  1.0000    1.0000    1.0000    1.0000  
  1.0000    1.0000    1.0000    1.0000  
  1.0000    1.0000    1.0000    1.0000  
  1.0000    1.0000    1.0000    1.0000  
  1.0000    1.0000    1.0000    1.0000  
  1.0000    1.0000    1.0000    1.0000  
  1.0000    1.0000    1.0000    1.0000  
  1.0000    1.0000    1.0000    1.0000  
  1.0000    1.0000    1.0000    1.0000  
  1.0000    1.0000    1.0000    1.0000  
  1.0000    1.0000    1.0000    1.0000  
  1.0000    1.0000    1.0000    1.0000  
  1.0000    1.0000    1.0000    1.0000  
  1.0000    1.0000    1.0000    1.0000  
  1.0000    1.0000    1.0000    1.0000  
  1.0000    1.0000    1.0000    1.0000  
  1.0000    1.0000    1.0000    1.0000  
  1.0000    1.0000    1.0000    1.0000  
  1.0000    1.0000    1.0000    1.0000  
  1.0000    1.0000    1.0000    1.0000  
  1.0000    1.0000    1.0000    1.0000  
  1.0000    1.0000    1.0000    1.0000  
  1.0000    1.0000    1.0000    1.0000  
  1.0000    1.0000    1.0000    1.0000  
  1.0000    1.0000    1.0000    1.0000  
  1.0000    1.0000    1.0000    1.0000  
  1.0000    1.0000    1.0000    1.0000  
  1.0000    1.0000    1.0000    1.0000  
  1.0000    1.0000    1.0000    1.0000  
  1.0000    1.0000    1.0000    1.0000  
  1.0000    1.0000    1.0000    1.0000  
  1.0000    1.0000    1.0000    1.0000  
  1.0000    1.0000    1.0000    1.0000  
  1.0000    1.0000    1.0000    1.0000  
  1.0000    1.0000    1.0000    1.0000  
  1.0000    1.0000    1.0000    1.0000  
  1.0000    1.0000    1.0000    1.0000  
  1.0000    1.0000    1.0000    1.0000  
  1.0000    1.0000    1.0000    1.0000  
  1.0000    1.0000    1.0000    1.0000  
  1.0000    1.0000    1.0000    1.0000  
  1.0000    1.0000    1.0000    1.0000  
  1.0000    1.0000    1.0000    1.0000  
  1.0000    1.0000    1.0000    1.0000  
  1.0000    1.0000    1.0000    1.0000  
  1.0000    1.0000    1.0000    1.0000  
  1.0000    1.0000    1.0000    1.0000  
  1.0000    1.0000    1.0000    1.0000  
  1.0000    1.0000    1.0000    1.0000  
  1.0000    1.0000    1.0000    1.0000  
  1.0000    1.0000    1.0000    1.0000  
  1.0000    1.0000    1.0000    1.0000  
  1.0000    1.0000    1.0000    1.0000  
  1.0000    1.0000    1.0000    1.0000  
  1.0000    1.0000    1.0000    1.0000  
  1.0000    1.0000    1.0000    1.0000  
  1.0000    1.0000    1.0000    1.0000  
  1.0000    1.0000    1.0000    1.0000  
  1.0000    1.0000    1.0000    1.0000  
  1.0000    1.0000    1.0000    1.0000  
  1.0000    1.0000    1.0000    1.0000  
  1.0000    1.0000    1.0000    1.0000  
  1.0000    1.0000    1.0000    1.0000  
  1.0000    1.0000    1.0000    1.0000  
  1.0000    1.0000    1.0000    1.0000  
  1.0000    1.0000    1.0000    1.0000  
  1.0000    1.0000    1.0000    1.0000  
  1.0000    1.0000    1.0000    1.0000  
  1.0000    1.0000    1.0000    1.0000  
  1.0000    1.0000    1.0000    1.0000  
  1.0000    1.0000    1.0000    1.0000  
  1.0000    1.0000    1.0000    1.0000  
  1.0000    1.0000    1.0000    1.0000  
  1.0000    1.0000    1.0000    1.0000  
  1.0000    1.0000    1.0000    1.0000  
  1.0000    1.0000    1.0000    1.0000  
  1.0000    1.0000    1.0000    1.0000  
  1.0000    1.0000    1.0000    1.0000  
  1.0000    1.0000    1.0000    1.0000  
  1.0000    1.0000    1.0000    1.0000  
  1.0000    1.0000    1.0000    1.0000  
  1.0000    1.0000    1.0000    1.0000  
  1.0000    1.0000    1.0000    1.0000  
  1.0000    1.0000    1.0000    1.0000  
  1.0000    1.0000    1.0000    1.0000  
  1.0000    1.0000    1.0000    1.0000  
  1.0000    1.0000    1.0000    1.0000  
  1.0000    1.0000    1.0000    1.0000  
  1.0000    1.0000    1.0000    1.0000  
  1.0000    1.0000    1.0000    1.0000  
  1.0000    1.0000    1.0000    1.0000  
  1.0000    1.0000    1.0000    1.0000  
  1.0000    1.0000    1.0000    1.0000  
  1.0000    1.0000    1.0000    1.0000  
  1.0000    1.0000    1.0000    1.0000  
  1.0000    1.0000    1.0000    1.0000  
  1.0000    1.0000    1.0000    1.0000  
  1.0000    1.0000    1.0000    1.0000  
  1.0000    1.0000    1.0000    1.0000  
  1.0000    1.0000    1.0000    1.0000  
  1.0000    1.0000    1.0000    1.0000  
  1.0000    1.0000    1.0000    1.0000  
  1.0000    1.0000    1.0000    1.0000  
  1.0000    1.0000    1.0000    1.0000  
  1.0000    1.0000    1.0000    1.0000  
  1.0000    1.0000    1.0000    1.0000  
  1.0000    1.0000    1.0000    1.0000  
  1.0000    1.0000    1.0000    1.0000  
  1.0000    1.0000    1.0000    1.0000  
  1.0000    1.0000    1.0000    1.0000  
  1.0000    1.0000    1.0000    1.0000  
  1.0000    1.0000    1.0000    1.0000  
  1.0000    1.0000    1.0000    1.0000  
  1.0000    1.0000    1.0000    1.0000  
  1.0000    1.0000    1.0000    1.0000  
  1.0000    1.0000    1.0000    1.0000  
  1.0000    1.0000    1.0000    1.0000  
  1.0000    1.0000    1.0000    1.0000  
  1.0000    1.0000    1.0000    1.0000  
  1.0000    1.0000    1.0000    1.0000  
  1.0000    1.0000    1.0000    1.0000  
  1.0000    1.0000    1.0000    1.0000  
  1.0000    1.0000    1.0000    1.0000  
  1.0000    1.0000    1.0000    1.0000  
  1.0000    1.0000    1.0000    1.0000  
  1.0000    1.0000    1.0000    1.0000  
  1.0000    1.0000    1.0000    1.0000  
  1.0000    1.0000    1.0000    1.0000  
  1.0000    1.0000    1.0000    1.0000  
  1.0000    1.0000    1.0000    1.0000  
  1.0000    1.0000    1.0000    1.0000  
  1.0000    1.0000    1.0000    1.0000  
  1.0000    1.0000    1.0000    1.0000  
  1.0000    1.0000    1.0000    1.0000  
  1.0000    1.0000    1.0000    1.0000  
  1.0000    1.0000    1.0000    1.0000  
  1.0000    1.0000    1.0000    1.0000  
  1.0000    1.0000    1.0000    1.0000  
  1.0000    1.0000    1.0000    1.0000  
  1.0000    1.0000    1.0000    1.0000  
  1.0000    1.0000    1.0000    1.0000  
  1.0000    1.0000    1.0000    1.0000  
  1.0000    1.0000    1.0000    1.0000  
  1.0000    1.0000    1.0000    1.0000  
  1.0000    1.0000    1.0000    1.0000  
  1.0000    1.0000    1.0000    1.0000  
  1.0000    1.0000    1.0000    1.0000  
  1.0000    1.0000    1.0000    1.0000  
  1.0000    1.0000    1.0000    1.0000  
  1.0000    1.0000    1.0000    1.0000  
  1.0000    1.0000    1.0000    1.0000  
  1.0000    1.0000    1.0000    1.0000  
  1.0000    1.0000    1.0000    1.0000  
  1.0000    1.0000    1.0000    1.0000  
  1.0000    1.0000    1.0000    1.0000  
  1.0000    1.0000    1.0000    1.0000  
  1.0000    1.0000    1.0000    1.0000  
  1.0000    1.0000    1.0000    1.0000  
  1.0000    1.0000    1.0000    1.0000  
  1.0000    1.0000    1.0000    1.0000  
  1.0000    1.0000    1.0000    1.0000  
  1.0000    1.0000    1.0000    1.0000  
  1.0000    1.0000    1.0000    1.0000  
  1.0000    1.0000    1.0000    1.0000  
  1.0000    1.0000    1.0000    1.0000  
  1.0000    1.0000    1.0000    1.0000  
  1.0000    1.0000    1.0000    1.0000  
  1.0000    1.0000    1.0000    1.0000  
  1.0000    1.0000    1.0000    1.0000  
  1.0000    1.0000    1.0000    1.0000  
  1.0000    1.0000    1.0000    1.0000  
  1.0000    1.0000    1.0000    1.0000  
  1.0000    1.0000    1.0000    1.0000  
  1.0000    1.0000    1.0000    1.0000  
  1.0000    1.0000    1.0000    1.0000  
  1.0000    1.0000    1.0000    1.0000  
  1.0000    1.0000    1.0000    1.0000  
  1.0000    1.0000    1.0000    1.0000  
  1.0000    1.0000    1.0000    1.0000  
  1.0000    1.0000    1.0000    1.0000  
  1.0000    1.0000    1.0000    1.0000  
  1.0000    1.0000    1.0000    1.0000  
  1.0000    1.0000    1.0000    1.0000  
  1.0000    1.0000    1.0000    1.0000  
  1.0000    1.0000    1.0000    1.0000  
  1.0000    1.0000    1.0000    1.0000  
  1.0000    1.0000    1.0000    1.0000  
  1.0000    1.0000    1.0000    1.0000  
  1.0000    1.0000    1.0000    1.0000  
  1.0000    1.0000    1.0000    1.0000  
  1.0000    1.0000    1.0000    1.0000  
  1.0000    1.0000    1.0000    1.0000  
  1.0000    1.0000    1.0000    1.0000  
  1.0000    1.0000    1.0000    1.0000  
  1.0000    1.0000    1.0000    1.0000  
  1.0000    1.0000    1.0000    1.0000  
  1.0000    1.0000    1.0000    1.0000  
  1.0000    1.0000    1.0000    1.0000  
  1.0000    1.0000    1.0000    1.0000  
  1.0000    1.0000    1.0000    1.0000  
  1.0000    1.0000    1.0000    1.0000  
  1.0000    1.0000    1.0000    1.0000  
  1.0000    1.0000    1.0000    1.0000  
  1.0000    1.0000    1.0000    1.0000  
  1.0000    1.0000    1.0000    1.0000  
  1.0000    1.0000    1.0000    1.0000  
  1.0000    1.0000    1.0000    1.0000  
  1.0000    1.0000    1.0000    1.0000  
  1.0000    1.0000    1.0000    1.0000  
  1.0000    1.0000    1.0000    1.0000  
  1.0000    1.0000    1.0000    1.0000  
  1.0000    1.0000    1.0000    1.0000  
  1.0000    1.0000    1.0000    1.0000  
  1.0000    1.0000    1.0000    1.0000  
  1.0000    1.0000    1.0000    1.0000  
  1.0000    1.0000    1.0000    1.0000  
  1.0000    1.0000    1.0000    1.0000  
  1.0000    1.0000    1.0000    1.0000  
  1.0000    1.0000    1.0000    1.0000  
  1.0000    1.0000    1.0000    1.0000  
  1.0000    1.0000    1.0000    1.0000  
  1.0000    1.0000    1.0000    1.0000  
  1.0000    1.0000    1.0000    1.0000  
  1.0000    1.0000    1.0000    1.0000  
  1.0000    1.0000    1.0000    1.0000  
  1.0000    1.0000    1.0000    1.0000  
  1.0000    1.0000    1.0000    1.0000  
  1.0000    1.0000    1.0000    1.0000  
  1.0000    1.0000    1.0000    1.0000  
  1.0000    1.0000    1.0000    1.0000  
  1.0000    1.0000    1.0000    1.0000  
  1.0000    1.0000    1.0000    1.0000  
  1.0000    1.0000    1.0000    1.0000  
  1.0000    1.0000    1.0000    1.0000  
  1.0000    1.0000    1.0000    1.0000  
  1.0000    1.0000    1.0000    1.0000  
  1.0000    1.0000    1.0000    1.0000  
  1.0000    1.0000    1.0000    1.0000  
  1.0000    1.0000    1.0000    1.0000  
  1.0000    1.0000    1.0000    1.0000  
  1.0000    1.0000    1.0000    1.0000  
  1.0000    1.0000    1.0000    1.0000  
  1.0000    1.0000    1.0000    1.0000  
  1.0000    1.0000    1.0000    1.0000  
  1.0000    1.0000    1.0000    1.0000  
  1.0000    1.0000    1.0000    1.0000  
  1.0000    1.0000    1.0000    1.0000  
  1.0000    1.0000    1.0000    1.0000  
  1.0000    1.0000    1.0000    1.0000  
  1.0000    1.0000    1.0000    1.0000  
  1.0000    1.0000    1.0000    1.0000  
  1.0000    1.0000    1.0000    1.0000  
  1.0000    1.0000    1.0000    1.0000  
  1.0000    1.0000    1.0000    1.0000  
  1.0000    1.0000    1.0000    1.0000  
  1.0000    1.0000    1.0000    1.0000  
  1.0000    1.0000    1.0000    1.0000  
  1.0000    1.0000    1.0000    1.0000  
  1.0000    1.0000    1.0000    1.0000  
  1.0000    1.0000    1.0000    1.0000  
  1.0000    1.0000    1.0000    1.0000  
  1.0000    1.0000    1.0000    1.0000  
  1.0000    1.0000    1.0000    1.0000  
  1.0000    1.0000    1.0000    1.0000  
  1.0000    1.0000    1.0000    1.0000  
  1.0000    1.0000    1.0000    1.0000  
  1.0000    1.0000    1.0000    1.0000  
  1.0000    1.0000    1.0000    1.0000  
  1.0000    1.0000    1.0000    1.0000  
  1.0000    1.0000    1.0000    1.0000  
  1.0000    1.0000    1.0000    1.0000  
  1.0000    1.0000    1.0000    1.0000  
  1.0000    1.0000    1.0000    1.0000  
  1.0000    1.0000    1.0000    1.0000  
  1.0000    1.0000    1.0000    1.0000  
  1.0000    1.0000    1.0000    1.0000  
  1.0000    1.0000    1.0000    1.0000  
  1.0000    1.0000    1.0000    1.0000  
  1.0000    1.0000    1.0000    1.0000  
  1.0000    1.0000    1.0000    1.0000  
  1.0000    1.0000    1.0000    1.0000  
  1.0000    1.0000    1.0000    1.0000  
  1.0000    1.0000    1.0000    1.0000  
  1.0000    1.0000    1.0000    1.0000  
  1.0000    1.0000    1.0000    1.0000  
  1.0000    1.0000    1.0000    1.0000  
  1.0000    1.0000    1.0000    1.0000  
  1.0000    1.0000    1.0000    1.0000  
  1.0000    1.0000    1.0000    1.0000  
  1.0000    1.0000    1.0000    1.0000  
  1.0000    1.0000    1.0000    1.0000  
  1.0000    1.0000    1.0000    1.0000  
  1.0000    1.0000    1.0000    1.0000  
  1.0000    1.0000    1.0000    1.0000  
  1.0000    1.0000    1.0000    1.0000  
  1.0000    1.0000    1.0000    1.0000  
  1.0000    1.0000    1.0000    1.0000  
  1.0000    1.0000    1.0000    1.0000  
  1.0000    1.0000    1.0000    1.0000  
  1.0000    1.0000    1.0000    1.0000  
  1.0000    1.0000    1.0000    1.0000  
  1.0000    1.0000    1.0000    1.0000  
  1.0000    1.0000    1.0000    1.0000  
  1.0000    1.0000    1.0000    1.0000  
  1.0000    1.0000    1.0000    1.0000  
  1.0000    1.0000    1.0000    1.0000  
  1.0000    1.0000    1.0000    1.0000  
  1.0000    1.0000    1.0000    1.0000  
  1.0000    1.0000    1.0000    1.0000  
  1.0000    1.0000    1.0000    1.0000  
  1.0000    1.0000    1.0000    1.0000  
  1.0000    1.0000    1.0000    1.0000  
  1.0000    1.0000    1.0000    1.0000  
  1.0000    1.0000    1.0000    1.0000  
  1.0000    1.0000    1.0000    1.0000  
  1.0000    1.0000    1.0000    1.0000  
  1.0000    1.0000    1.0000    1.0000  
  1.0000    1.0000    1.0000    1.0000  
  1.0000    1.0000    1.0000    1.0000  
  1.0000    1.0000    1.0000    1.0000  
  1.0000    1.0000    1.0000    1.0000  
  1.0000    1.0000    1.0000    1.0000  
  1.0000    1.0000    1.0000    1.0000  
  1.0000    1.0000    1.0000    1.0000  
  1.0000    1.0000    1.0000    1.0000  
  1.0000    1.0000    1.0000    1.0000  
  1.0000    1.0000    1.0000    1.0000  
  1.0000    1.0000    1.0000    1.0000  
  1.0000    1.0000    1.0000    1.0000  
  1.0000    1.0000    1.0000    1.0000  
  1.0000    1.0000    1.0000    1.0000  
  1.0000    1.0000    1.0000    1.0000  
  1.0000    1.0000    1.0000    1.0000  
  1.0000    1.0000    1.0000    1.0000  
  1.0000    1.0000    1.0000    1.0000  
  1.0000    1.0000    1.0000    1.0000  
  1.0000    1.0000    1.0000    1.0000  
  1.0000    1.0000    1.0000    1.0000  
  1.0000    1.0000    1.0000    1.0000  
  1.0000    1.0000    1.0000    1.0000  
  1.0000    1.0000    1.0000    1.0000  
  1.0000    1.0000    1.0000    1.0000  
  1.0000    1.0000    1.0000    1.0000  
  1.0000    1.0000    1.0000    1.0000  
  1.0000    1.0000    1.0000    1.0000  
  1.0000    1.0000    1.0000    1.0000  
  1.0000    1.0000    1.0000    1.0000  
  1.0000    1.0000    1.0000    1.0000  
  1.0000    1.0000    1.0000    1.0000  
  1.0000    1.0000    1.0000    1.0000  
  1.0000    1.0000    1.0000    1.0000  
  1.0000    1.0000    1.0000    1.0000  
  1.0000    1.0000    1.0000    1.0000  
  1.0000    1.0000    1.0000    1.0000  
  1.0000    1.0000    1.0000    1.0000  
  1.0000    1.0000    1.0000    1.0000  
  1.0000    1.0000    1.0000    1.0000  
  1.0000    1.0000    1.0000    1.0000  
  1.0000    1.0000    1.0000    1.0000  
  1.0000    1.0000    1.0000    1.0000  
  1.0000    1.0000    1.0000    1.0000  
  1.0000    1.0000    1.0000    1.0000  
  1.0000    1.0000    1.0000    1.0000  
  1.0000    1.0000    1.0000    1.0000  
  1.0000    1.0000    1.0000    1.0000  
  1.0000    1.0000    1.0000    1.0000  
  1.0000    1.0000    1.0000    1.0000  
  1.0000    1.0000    1.0000    1.0000  
  1.0000    1.0000    1.0000    1.0000  
  1.0000    1.0000    1.0000    1.0000  
  1.0000    1.0000    1.0000    1.0000  
  1.0000    1.0000    1.0000    1.0000  
  1.0000    1.0000    1.0000    1.0000  
  1.0000    1.0000    1.0000    1.0000  
  1.0000    1.0000    1.0000    1.0000  
  1.0000    1.0000    1.0000    1.0000  
  1.0000    1.0000    1.0000    1.0000  
  1.0000    1.0000    1.0000    1.0000  
  1.0000    1.0000    1.0000    1.0000  
  1.0000    1.0000    1.0000    1.0000  
  1.0000    1.0000    1.0000    1.0000  
  1.0000    1.0000    1.0000    1.0000  
  1.0000    1.0000    1.0000    1.0000  
  1.0000    1.0000    1.0000    1.0000  
  1.0000    1.0000    1.0000    1.0000  
  1.0000    1.0000    1.0000    1.0000  
  1.0000    1.0000    1.0000    1.0000  
  1.0000    1.0000    1.0000    1.0000  
  1.0000    1.0000    1.0000    1.0000  
  1.0000    1.0000    1.0000    1.0000  
  1.0000    1.0000    1.0000    1.0000  
  1.0000    1.0000    1.0000    1.0000  
  1.0000    1.0000    1.0000    1.0000  
  1.0000    1.0000    1.0000    1.0000  
  1.0000    1.0000    1.0000    1.0000  
  1.0000    1.0000    1.0000    1.0000  
  1.0000    1.0000    1.0000    1.0000  
  1.0000    1.0000    1.0000    1.0000  
  1.0000    1.0000    1.0000    1.0000  
  1.0000    1.0000    1.0000    1.0000  
  1.0000    1.0000    1.0000    1.0000  
  1.0000    1.0000    1.0000    1.0000  
  1.0000    1.0000    1.0000    1.0000  
  1.0000    1.0000    1.0000    1.0000  
  1.0000    1.0000    1.0000    1.0000  
  1.0000    1.0000    1.0000    1.0000  
  1.0000    1.0000    1.0000    1.0000  
  1.0000    1.0000    1.0000    1.0000  
  1.0000    1.0000    1.0000    1.0000  
  1.0000    1.0000    1.0000    1.0000  
  1.0000    1.0000    1.0000    1.0000  
  1.0000    1.0000    1.0000    1.0000  
  1.0000    1.0000    1.0000    1.0000  
  1.0000    1.0000    1.0000    1.0000  
  1.0000    1.0000    1.0000    1.0000  
  1.0000    1.0000    1.0000    1.0000  
  1.0000    1.0000    1.0000    1.0000  
  1.0000    1.0000    1.0000    1.0000  
  1.0000    1.0000    1.0000    1.0000  
  1.0000    1.0000    1.0000    1.0000  
  1.0000    1.0000    1.0000    1.0000  
  1.0000    1.0000    1.0000    1.0000  
  1.0000    1.0000    1.0000    1.0000  
  1.0000    1.0000    1.0000    1.0000  
  1.0000    1.0000    1.0000    1.0000  
  1.0000    1.0000    1.0000    1.0000  
  1.0000    1.0000    1.0000    1.0000  
  1.0000    1.0000    1.0000    1.0000  
  1.0000    1.0000    1.0000    1.0000  
  1.0000    1.0000    1.0000    1.0000  
  1.0000    1.0000    1.0000    1.0000  
  1.0000    1.0000    1.0000    1.0000  
  1.0000    1.0000    1.0000    1.0000  
  1.0000    1.0000    1.0000    1.0000  
  1.0000    1.0000    1.0000    1.0000  
  1.0000    1.0000    1.0000    1.0000  
  1.0000    1.0000    1.0000    1.0000  
  1.0000    1.0000    1.0000    1.0000  
  1.0000    1.0000    1.0000    1.0000  
  1.0000    1.0000    1.0000    1.0000  
  1.0000    1.0000    1.0000    1.0000  
  1.0000    1.0000    1.0000    1.0000  
  1.0000    1.0000    1.0000    1.0000  
  1.0000    1.0000    1.0000    1.0000  
  1.0000    1.0000    1.0000    1.0000  
  1.0000    1.0000    1.0000    1.0000  
  1.0000    1.0000    1.0000    1.0000  
  1.0000    1.0000    1.0000    1.0000  
  1.0000    1.0000    1.0000    1.0000  
  1.0000    1.0000    1.0000    1.0000  
  1.0000    1.0000    1.0000    1.0000  
  1.0000    1.0000    1.0000    1.0000  
  1.0000    1.0000    1.0000    1.0000  
  1.0000    1.0000    1.0000    1.0000  
  1.0000    1.0000    1.0000    1.0000  
  1.0000    1.0000    1.0000    1.0000  
  1.0000    1.0000    1.0000    1.0000  
  1.0000    1.0000    1.0000    1.0000  
  1.0000    1.0000    1.0000    1.0000  
  1.0000    1.0000    1.0000    1.0000  
  1.0000    1.0000    1.0000    1.0000  
  1.0000    1.0000    1.0000    1.0000  
  1.0000    1.0000    1.0000    1.0000  
  1.0000    1.0000    1.0000    1.0000  
  1.0000    1.0000    1.0000    1.0000  
  1.0000    1.0000    1.0000    1.0000  
  1.0000    1.0000    1.0000    1.0000  
  1.0000    1.0000    1.0000    1.0000  
  1.0000    1.0000    1.0000    1.0000  
  1.0000    1.0000    1.0000    1.0000  
  1.0000    1.0000    1.0000    1.0000  
  1.0000    1.0000    1.0000    1.0000  
  1.0000    1.0000    1.0000    1.0000  
  1.0000    1.0000    1.0000    1.0000  
  1.0000    1.0000    1.0000    1.0000  
  1.0000    1.0000    1.0000    1.0000  
  1.0000    1.0000    1.0000    1.0000  
  1.0000    1.0000    1.0000    1.0000  
  1.0000    1.0000    1.0000    1.0000  
  1.0000    1.0000    1.0000    1.0000  
  1.0000    1.0000    1.0000    1.0000  
  1.0000    1.0000    1.0000    1.0000  
  1.0000    1.0000    1.0000    1.0000  
  1.0000    1.0000    1.0000    1.0000  
  1.0000    1.0000    1.0000    1.0000  
  1.0000    1.0000    1.0000    1.0000  
  1.0000    1.0000    1.0000    1.0000  
  1.0000    1.0000    1.0000    1.0000  
  1.0000    1.0000    1.0000    1.0000  
  1.0000    1.0000    1.0000    1.0000  
  1.0000    1.0000    1.0000    1.0000  
  1.0000    1.0000    1.0000    1.0000  
  1.0000    1.0000    1.0000    1.0000  
  1.0000    1.0000    1.0000    1.0000  
  1.0000    1.0000    1.0000    1.0000  
  1.0000    1.0000    1.0000    1.0000  
  1.0000    1.0000    1.0000    1.0000  
  1.0000    1.0000    1.0000    1.0000  
  1.0000    1.0000    1.0000    1.0000  
  1.0000    1.0000    1.0000    1.0000  
  1.0000    1.0000    1.0000    1.0000  
  1.0000    1.0000    1.0000    1.0000  
  1.0000    1.0000    1.0000    1.0000  
  1.0000  
