FORMAT:           OCCAM2MTDATA_1.0
TITLE:            MTpy-OccamDatafile, Profile=124.0 deg, Strike=34.0 deg
SITES:            47
   S00
   S01
   S02
   S03
   S04
   S05
   S06
   S07
   S08
   S09
   S10
   S11
   S12
   S13
   S14
   S15
   S16
   S17
   S18
   S19
   S20
   S21
   S22
   S23
   S24
   S25
   S26
   S27
   S28
   S29
   S30
   S31
   S32
   S33
   S35
   S34
   S36
   S37
   S38
   S39
   S40
   S41
   S42
   S43
   S44
   S45
   S46
OFFSETS (M):      
   0.0
   34.2
   126.6
   143.7
   247.2
   264.3
   281.4
   390.9
   390.9
   500.4
   517.5
   534.6
   621.0
   638.1
   747.6
   764.7
   851.1
   868.2
   885.3
   994.8
   1011.9
   1104.3
   1121.4
   1138.5
   1224.9
   1224.9
   1351.5
   1368.6
   1368.6
   1455.0
   1472.1
   1581.6
   1598.7
   1708.2
   1725.3
   1725.3
   1828.8
   1828.8
   1938.3
   1955.4
   1972.5
   2058.9
   2076.1
   2185.6
   2185.6
   2295.1
   2329.3
FREQUENCIES:      17
   1.000000e-01
   2.053525e-01
   4.216965e-01
   8.659643e-01
   1.778279e+00
   3.651741e+00
   7.498942e+00
   1.539927e+01
   3.162278e+01
   6.493816e+01
   1.333521e+02
   2.738420e+02
   5.623413e+02
   1.154782e+03
   2.371374e+03
   4.869675e+03
   1.000000e+04
DATA BLOCKS:      1248
SITE  FREQ  TYPE   DATUM    ERROR   
  1     2     5      6.6136   0.0434
  1     3     5      6.2604   0.0434
  1     4     5      5.8963   0.0434
  1     5     5      5.6225   0.0434
  1     5     6      3.5235   5.7000
  1     6     5      5.3251   0.0434
  1     6     6      4.1194   5.7000
  1     7     5      5.0029   0.0434
  1     7     6      6.5041   5.7000
  1     8     5      4.7830   0.0434
  1     8     6     12.4950   5.7000
  1     9     5      4.6252   0.0434
  1     9     6     14.8549   5.7000
  1     10    5      4.4383   0.0434
  1     10    6      9.5935   5.7000
  1     11    5      4.1562   0.0434
  1     11    6      2.4676   5.7000
  1     12    5      3.7686   0.0434
  1     12    6      0.8261   5.7000
  1     13    5      3.5769   0.0434
  1     13    6     13.1648   5.7000
  1     14    5      3.5068   0.0434
  1     14    6     13.8397   5.7000
  1     15    5      3.1528   0.0434
  1     16    5      2.7367   0.0434
  2     2     5      6.5888   0.0434
  2     3     5      6.2191   0.0434
  2     4     5      5.8381   0.0434
  2     5     5      5.5699   0.0434
  2     5     6      3.6633   5.7000
  2     6     5      5.2684   0.0434
  2     6     6      4.4670   5.7000
  2     7     5      4.9490   0.0434
  2     7     6      7.0708   5.7000
  2     8     5      4.7316   0.0434
  2     8     6     13.4684   5.7000
  2     9     5      4.5809   0.0434
  2     9     6     15.6598   5.7000
  2     10    5      4.3937   0.0434
  2     10    6     11.1199   5.7000
  2     11    5      4.1159   0.0434
  2     11    6      5.2923   5.7000
  2     12    5      3.7527   0.0434
  2     12    6      5.8962   5.7000
  2     13    5      3.5867   0.0434
  2     13    6     22.8696   5.7000
  2     14    5      3.5967   0.0434
  2     14    6     28.6550   5.7000
  2     15    5      3.4643   0.0434
  2     16    5      3.1911   0.0434
  2     16    6      6.7242   5.7000
  3     2     5      6.5333   0.0434
  3     2     6     14.2825   5.7000
  3     3     5      6.1230   0.0434
  3     3     6      2.8265   5.7000
  3     4     5      5.8780   0.0434
  3     4     6      0.1548   5.7000
  3     5     5      5.5403   0.0434
  3     5     6      2.1070   5.7000
  3     6     5      5.2966   0.0434
  3     6     6      2.2841   5.7000
  3     7     5      5.0164   0.0434
  3     7     6      6.8440   5.7000
  3     8     5      4.8137   0.0434
  3     8     6      6.5084   5.7000
  3     9     5      4.5747   0.0434
  3     9     6     10.3020   5.7000
  3     10    5      4.3746   0.0434
  3     10    6      8.3146   5.7000
  3     11    5      4.0380   0.0434
  3     11    6      6.6716   5.7000
  3     12    5      3.7174   0.0434
  3     12    6     15.3959   5.7000
  3     13    5      3.5511   0.0434
  3     13    6     26.3893   5.7000
  3     14    5      3.4524   0.0434
  3     14    6     26.0772   5.7000
  3     15    5      3.4574   0.0434
  3     16    5      3.0754   0.0434
  3     16    6      0.8225   5.7000
  4     2     5      5.5981   0.0434
  4     2     6     16.6541   5.7000
  4     3     5      5.3108   0.0434
  4     3     6      2.9399   5.7000
  4     4     5      5.0445   0.0434
  4     4     6      1.2821   5.7000
  4     5     5      4.7189   0.0434
  4     5     6      3.1698   5.7000
  4     6     5      4.4230   0.0434
  4     6     6      4.0343   5.7000
  4     7     5      4.1598   0.0434
  4     7     6      9.0490   5.7000
  4     8     5      3.9299   0.0434
  4     8     6     14.3557   5.7000
  4     9     5      3.8229   0.0434
  4     9     6     15.2873   5.7000
  4     10    5      3.6211   0.0434
  4     10    6     10.2753   5.7000
  4     11    5      3.3619   0.0434
  4     11    6      8.8242   5.7000
  4     12    5      2.9878   0.0434
  4     12    6     17.4224   5.7000
  4     13    5      2.8117   0.0434
  4     13    6     33.3770   5.7000
  4     14    5      2.8323   0.0434
  4     14    6     37.3317   5.7000
  4     15    5      2.9753   0.0434
  4     15    6     12.3136   5.7000
  4     16    5      2.6693   0.0434
  4     16    6      9.5570   5.7000
  5     2     5      6.2887   0.0434
  5     2     6     14.0931   5.7000
  5     3     5      5.9615   0.0434
  5     3     6      1.9523   5.7000
  5     4     5      5.6788   0.0434
  5     5     5      5.3311   0.0434
  5     5     6      0.5912   5.7000
  5     6     5      5.0246   0.0434
  5     6     6      0.9409   5.7000
  5     7     5      4.7259   0.0434
  5     7     6      5.6465   5.7000
  5     8     5      4.4726   0.0434
  5     8     6     12.1572   5.7000
  5     9     5      4.3321   0.0434
  5     9     6     14.4582   5.7000
  5     10    5      4.1506   0.0434
  5     10    6     10.6465   5.7000
  5     11    5      3.8996   0.0434
  5     11    6      6.8164   5.7000
  5     12    5      3.5006   0.0434
  5     12    6      6.0144   5.7000
  5     13    5      3.1137   0.0434
  5     13    6     29.6991   5.7000
  5     14    5      3.2363   0.0434
  5     14    6     45.1195   5.7000
  5     15    5      3.1130   0.0434
  5     15    6     46.4830   5.7000
  5     16    5      3.3704   0.0434
  5     16    6     62.2337   5.7000
  6     2     5      6.2916   0.0434
  6     2     6     14.3904   5.7000
  6     3     5      5.9393   0.0434
  6     3     6      2.5205   5.7000
  6     4     5      5.6756   0.0434
  6     5     5      5.3346   0.0434
  6     5     6      1.5893   5.7000
  6     6     5      5.0628   0.0434
  6     6     6      1.9115   5.7000
  6     7     5      4.7760   0.0434
  6     7     6      6.8106   5.7000
  6     8     5      4.5471   0.0434
  6     8     6     10.1071   5.7000
  6     9     5      4.3711   0.0434
  6     9     6     13.3288   5.7000
  6     10    5      4.1813   0.0434
  6     10    6     10.2667   5.7000
  6     11    5      3.8980   0.0434
  6     11    6      7.9923   5.7000
  6     12    5      3.5596   0.0434
  6     12    6     12.8665   5.7000
  6     13    5      3.2723   0.0434
  6     13    6     32.5193   5.7000
  6     14    5      3.3056   0.0434
  6     14    6     42.9013   5.7000
  6     15    5      3.3498   0.0434
  6     15    6     25.4140   5.7000
  6     16    5      3.2958   0.0434
  6     16    6     46.9630   5.7000
  7     2     5      6.6265   0.0434
  7     2     6     13.2384   5.7000
  7     3     5      6.2393   0.0434
  7     3     6      2.0007   5.7000
  7     4     5      5.9631   0.0434
  7     5     5      5.6068   0.0434
  7     6     5      5.3306   0.0434
  7     7     5      5.0144   0.0434
  7     7     6      4.0059   5.7000
  7     8     5      4.7678   0.0434
  7     8     6      8.0073   5.7000
  7     9     5      4.5591   0.0434
  7     9     6     11.5204   5.7000
  7     10    5      4.3782   0.0434
  7     10    6      9.1013   5.7000
  7     11    5      4.1027   0.0434
  7     11    6      3.9733   5.7000
  7     12    5      3.7512   0.0434
  7     12    6      1.1369   5.7000
  7     13    5      3.3251   0.0434
  7     13    6     17.8325   5.7000
  7     14    5      3.3893   0.0434
  7     14    6     23.4415   5.7000
  7     15    5      3.1065   0.0434
  7     16    5      2.8942   0.0434
  7     16    6      1.1643   5.7000
  8     2     5      6.8212   0.0434
  8     2     6     14.7035   5.7000
  8     3     5      6.4938   0.0434
  8     3     6      2.2830   5.7000
  8     4     5      6.2224   0.0434
  8     5     5      5.8781   0.0434
  8     5     6      1.2368   5.7000
  8     6     5      5.5974   0.0434
  8     6     6      1.6706   5.7000
  8     7     5      5.3005   0.0434
  8     7     6      6.3313   5.7000
  8     8     5      5.0628   0.0434
  8     8     6     11.0015   5.7000
  8     9     5      4.9096   0.0434
  8     9     6     12.7664   5.7000
  8     10    5      4.7191   0.0434
  8     10    6      7.9576   5.7000
  8     11    5      4.4451   0.0434
  8     11    6      2.6534   5.7000
  8     12    5      4.0657   0.0434
  8     12    6      1.1381   5.7000
  8     13    5      3.7099   0.0434
  8     13    6     11.2478   5.7000
  8     14    5      3.5872   0.0434
  8     14    6     11.0651   5.7000
  8     15    5      3.4078   0.0434
  8     16    5      2.7994   0.0434
  9     2     5      6.7869   0.0434
  9     3     5      6.5665   0.0434
  9     4     5      6.2519   0.0434
  9     4     6      0.7582   5.7000
  9     5     5      5.8662   0.0434
  9     5     6      3.2746   5.7000
  9     6     5      5.5734   0.0434
  9     6     6      5.2603   5.7000
  9     7     5      5.3354   0.0434
  9     7     6      9.2785   5.7000
  9     8     5      5.1108   0.0434
  9     8     6     13.0580   5.7000
  9     9     5      4.9487   0.0434
  9     9     6     13.6910   5.7000
  9     10    5      4.7535   0.0434
  9     10    6      9.3678   5.7000
  9     11    5      4.4360   0.0434
  9     11    6      3.2002   5.7000
  9     12    5      4.0676   0.0434
  9     12    6      5.7808   5.7000
  9     13    5      3.8204   0.0434
  9     13    6     18.7994   5.7000
  9     14    5      3.7899   0.0434
  9     14    6     25.3050   5.7000
  9     15    5      3.3484   0.0434
  9     16    5      2.9526   0.0434
  10    2     5      6.6850   0.0434
  10    3     5      6.3599   0.0434
  10    4     5      6.0689   0.0434
  10    4     6      1.3480   5.7000
  10    5     5      5.7065   0.0434
  10    5     6      3.9943   5.7000
  10    6     5      5.4229   0.0434
  10    6     6      6.1346   5.7000
  10    7     5      5.1880   0.0434
  10    7     6     10.3828   5.7000
  10    8     5      4.9711   0.0434
  10    8     6     14.3485   5.7000
  10    9     5      4.8167   0.0434
  10    9     6     14.8933   5.7000
  10    10    5      4.6216   0.0434
  10    10    6     10.8339   5.7000
  10    11    5      4.3043   0.0434
  10    11    6      6.0061   5.7000
  10    12    5      3.9399   0.0434
  10    12    6     11.7529   5.7000
  10    13    5      3.7548   0.0434
  10    13    6     28.7407   5.7000
  10    14    5      3.7847   0.0434
  10    14    6     39.5084   5.7000
  10    15    5      3.5293   0.0434
  10    16    5      3.2676   0.0434
  11    2     5      6.0441   0.0434
  11    3     5      5.7263   0.0434
  11    4     5      5.4140   0.0434
  11    5     5      5.0315   0.0434
  11    5     6      2.7105   5.7000
  11    6     5      4.7286   0.0434
  11    6     6      4.1159   5.7000
  11    7     5      4.4781   0.0434
  11    7     6      8.7921   5.7000
  11    8     5      4.2453   0.0434
  11    8     6     14.1478   5.7000
  11    9     5      4.0954   0.0434
  11    9     6     15.0866   5.7000
  11    10    5      3.8969   0.0434
  11    10    6     12.7546   5.7000
  11    11    5      3.6005   0.0434
  11    11    6      9.6939   5.7000
  11    12    5      3.2651   0.0434
  11    12    6     18.3683   5.7000
  11    13    5      3.0371   0.0434
  11    13    6     42.7362   5.7000
  11    14    5      3.2221   0.0434
  11    14    6     63.6328   5.7000
  11    15    5      3.1243   0.0434
  11    15    6     36.1798   5.7000
  11    16    5      3.3327   0.0434
  11    16    6     51.6842   5.7000
  12    2     5      6.0841   0.0434
  12    3     5      5.8510   0.0434
  12    4     5      5.5199   0.0434
  12    5     5      5.1196   0.0434
  12    5     6      2.7546   5.7000
  12    6     5      4.8224   0.0434
  12    6     6      3.7183   5.7000
  12    7     5      4.5698   0.0434
  12    7     6      8.4766   5.7000
  12    8     5      4.3402   0.0434
  12    8     6     13.6636   5.7000
  12    9     5      4.1831   0.0434
  12    9     6     14.5865   5.7000
  12    10    5      3.9840   0.0434
  12    10    6     12.5594   5.7000
  12    11    5      3.6783   0.0434
  12    11    6      9.8166   5.7000
  12    12    5      3.3628   0.0434
  12    12    6     18.0864   5.7000
  12    13    5      3.1505   0.0434
  12    13    6     40.0121   5.7000
  12    14    5      3.2721   0.0434
  12    14    6     58.5318   5.7000
  12    15    5      3.1152   0.0434
  12    15    6     31.6846   5.7000
  12    16    5      3.2998   0.0434
  12    16    6     53.2932   5.7000
  13    2     5      5.9219   0.0434
  13    3     5      5.6130   0.0434
  13    4     5      5.3359   0.0434
  13    5     5      4.9607   0.0434
  13    5     6      2.2087   5.7000
  13    6     5      4.6563   0.0434
  13    6     6      3.3926   5.7000
  13    7     5      4.4034   0.0434
  13    7     6      7.8288   5.7000
  13    8     5      4.1716   0.0434
  13    8     6     12.4041   5.7000
  13    9     5      3.9991   0.0434
  13    9     6     13.4817   5.7000
  13    10    5      3.8067   0.0434
  13    10    6     10.9447   5.7000
  13    11    5      3.4939   0.0434
  13    11    6      6.9382   5.7000
  13    12    5      3.1668   0.0434
  13    12    6     11.8762   5.7000
  13    13    5      2.9570   0.0434
  13    13    6     26.6723   5.7000
  13    14    5      2.9690   0.0434
  13    14    6     36.4146   5.7000
  13    15    5      2.6345   0.0434
  13    16    5      2.4320   0.0434
  13    16    6      2.9627   5.7000
  14    2     5      5.7779   0.0434
  14    3     5      5.3991   0.0434
  14    4     5      5.1502   0.0434
  14    5     5      4.7849   0.0434
  14    5     6      0.4783   5.7000
  14    6     5      4.4559   0.0434
  14    7     5      4.1368   0.0434
  14    7     6      3.6170   5.7000
  14    8     5      3.8461   0.0434
  14    8     6     10.5994   5.7000
  14    9     5      3.7000   0.0434
  14    9     6     13.2514   5.7000
  14    10    5      3.4870   0.0434
  14    10    6     10.7299   5.7000
  14    11    5      3.2338   0.0434
  14    11    6      5.7405   5.7000
  14    12    5      2.8462   0.0434
  14    12    6      5.3109   5.7000
  14    13    5      2.5443   0.0434
  14    13    6     23.4056   5.7000
  14    14    5      2.6586   0.0434
  14    14    6     33.7935   5.7000
  14    15    5      2.2103   0.0434
  14    16    5      2.1494   0.0434
  14    16    6     13.5062   5.7000
  15    2     5      4.7624   0.0434
  15    2     6     83.0130   5.7000
  15    3     5      4.4714   0.0434
  15    4     5      4.0497   0.0434
  15    5     5      3.7604   0.0434
  15    6     5      3.4272   0.0434
  15    7     5      3.1174   0.0434
  15    7     6      2.6243   5.7000
  15    8     5      2.8409   0.0434
  15    8     6      8.5685   5.7000
  15    9     5      2.6362   0.0434
  15    9     6     11.9290   5.7000
  15    10    5      2.4534   0.0434
  15    10    6     11.9581   5.7000
  15    11    5      2.1971   0.0434
  15    11    6      9.0000   5.7000
  15    12    5      1.8571   0.0434
  15    12    6     10.4853   5.7000
  15    13    5      1.6047   0.0434
  15    13    6     31.7637   5.7000
  15    14    5      1.5583   0.0434
  15    14    6     39.1658   5.7000
  15    15    5      1.2447   0.0434
  15    15    6     12.9530   5.7000
  15    16    5      1.4530   0.0434
  15    16    6     20.8805   5.7000
  16    2     5      5.0551   0.0434
  16    2     6     81.2253   5.7000
  16    3     5      4.7800   0.0434
  16    4     5      4.4139   0.0434
  16    5     5      4.2097   0.0434
  16    5     6      0.9327   5.7000
  16    6     5      3.7980   0.0434
  16    6     6      2.4231   5.7000
  16    7     5      3.4893   0.0434
  16    7     6      5.6342   5.7000
  16    8     5      3.2466   0.0434
  16    8     6     10.6526   5.7000
  16    9     5      3.0558   0.0434
  16    9     6     13.9300   5.7000
  16    10    5      2.8632   0.0434
  16    10    6     12.9863   5.7000
  16    11    5      2.5899   0.0434
  16    11    6     12.2123   5.7000
  16    12    5      2.3076   0.0434
  16    12    6     18.4303   5.7000
  16    13    5      2.1736   0.0434
  16    13    6     35.8797   5.7000
  16    14    5      1.9707   0.0434
  16    14    6     44.5783   5.7000
  16    15    5      1.8726   0.0434
  16    15    6      7.4733   5.7000
  16    16    5      1.8785   0.0434
  16    16    6     15.6064   5.7000
  17    2     5      4.7219   0.0434
  17    2     6     83.3368   5.7000
  17    3     5      4.4131   0.0434
  17    4     5      3.9307   0.0434
  17    5     5      3.7821   0.0434
  17    5     6      4.4302   5.7000
  17    6     5      3.4025   0.0434
  17    6     6      6.4310   5.7000
  17    7     5      3.1366   0.0434
  17    7     6     10.5344   5.7000
  17    8     5      2.9338   0.0434
  17    8     6     15.6661   5.7000
  17    9     5      2.7694   0.0434
  17    9     6     18.9319   5.7000
  17    10    5      2.5781   0.0434
  17    10    6     18.0557   5.7000
  17    11    5      2.3242   0.0434
  17    11    6     22.6002   5.7000
  17    12    5      2.1314   0.0434
  17    12    6     36.6206   5.7000
  17    13    5      2.0955   0.0434
  17    13    6     55.9600   5.7000
  17    14    5      1.9873   0.0434
  17    14    6     79.4370   5.7000
  17    15    5      2.2499   0.0434
  17    15    6     51.5023   5.7000
  17    16    5      2.6126   0.0434
  17    16    6     67.4830   5.7000
  18    2     5      4.4451   0.0434
  18    2     6     85.0956   5.7000
  18    3     5      4.2139   0.0434
  18    4     5      3.7810   0.0434
  18    5     5      3.6759   0.0434
  18    5     6      6.4157   5.7000
  18    6     5      3.3999   0.0434
  18    6     6      8.4903   5.7000
  18    7     5      3.1677   0.0434
  18    7     6     13.4267   5.7000
  18    8     5      2.9904   0.0434
  18    8     6     16.8049   5.7000
  18    9     5      2.8348   0.0434
  18    9     6     19.9324   5.7000
  18    10    5      2.6440   0.0434
  18    10    6     18.0551   5.7000
  18    11    5      2.3818   0.0434
  18    11    6     22.5643   5.7000
  18    12    5      2.2060   0.0434
  18    12    6     35.1585   5.7000
  18    13    5      2.1576   0.0434
  18    13    6     50.0236   5.7000
  18    14    5      1.9324   0.0434
  18    14    6     77.1202   5.7000
  18    15    5      2.2173   0.0434
  18    15    6     39.4014   5.7000
  18    16    5      2.3621   0.0434
  18    16    6     62.5973   5.7000
  19    2     5      5.0016   0.0434
  19    2     6     81.3317   5.7000
  19    3     5      4.7188   0.0434
  19    4     5      4.3647   0.0434
  19    5     5      4.1047   0.0434
  19    6     5      3.7670   0.0434
  19    6     6      0.6537   5.7000
  19    7     5      3.4685   0.0434
  19    7     6      4.5067   5.7000
  19    8     5      3.2085   0.0434
  19    8     6      9.6461   5.7000
  19    9     5      2.9988   0.0434
  19    9     6     11.9523   5.7000
  19    10    5      2.7983   0.0434
  19    10    6     13.0000   5.7000
  19    11    5      2.5262   0.0434
  19    11    6     13.2145   5.7000
  19    12    5      2.2508   0.0434
  19    12    6     19.6557   5.7000
  19    13    5      2.0988   0.0434
  19    13    6     41.2157   5.7000
  19    14    5      1.9173   0.0434
  19    14    6     58.8717   5.7000
  19    15    5      2.0274   0.0434
  19    15    6     19.6849   5.7000
  19    16    5      2.0675   0.0434
  19    16    6     34.3102   5.7000
  20    2     5      5.4723   0.0434
  20    2     6     81.6905   5.7000
  20    3     5      5.2023   0.0434
  20    4     5      4.7027   0.0434
  20    5     5      4.4847   0.0434
  20    6     5      4.2107   0.0434
  20    7     5      3.9094   0.0434
  20    7     6      1.7499   5.7000
  20    8     5      3.6283   0.0434
  20    8     6      6.6382   5.7000
  20    9     5      3.4020   0.0434
  20    9     6      9.9273   5.7000
  20    10    5      3.1921   0.0434
  20    10    6      9.9728   5.7000
  20    11    5      2.9150   0.0434
  20    11    6      8.0826   5.7000
  20    12    5      2.5988   0.0434
  20    12    6     11.5039   5.7000
  20    13    5      2.3629   0.0434
  20    13    6     32.9534   5.7000
  20    14    5      2.1311   0.0434
  20    14    6     47.6034   5.7000
  20    15    5      2.1960   0.0434
  20    16    5      1.9555   0.0434
  20    16    6      8.7260   5.7000
  21    2     5      5.4876   0.0434
  21    3     5      5.3906   0.0434
  21    4     5      5.0321   0.0434
  21    5     5      4.7097   0.0434
  21    5     6      0.1772   5.7000
  21    6     5      4.3902   0.0434
  21    6     6      1.4193   5.7000
  21    7     5      4.0859   0.0434
  21    7     6      3.9268   5.7000
  21    8     5      3.8122   0.0434
  21    8     6      7.5812   5.7000
  21    9     5      3.5888   0.0434
  21    9     6     10.5333   5.7000
  21    10    5      3.3703   0.0434
  21    10    6     10.4958   5.7000
  21    11    5      3.1081   0.0434
  21    11    6     10.3501   5.7000
  21    12    5      2.8032   0.0434
  21    12    6     15.0552   5.7000
  21    13    5      2.5773   0.0434
  21    13    6     32.7657   5.7000
  21    14    5      2.2797   0.0434
  21    14    6     46.1836   5.7000
  21    15    5      2.4676   0.0434
  21    16    5      1.9049   0.0434
  21    16    6     10.4235   5.7000
  22    2     5      5.1350   0.0434
  22    3     5      5.0363   0.0434
  22    4     5      4.6792   0.0434
  22    4     6      1.3138   5.7000
  22    5     5      4.3754   0.0434
  22    5     6      2.9833   5.7000
  22    6     5      4.0832   0.0434
  22    6     6      5.9784   5.7000
  22    7     5      3.8064   0.0434
  22    7     6      9.2722   5.7000
  22    8     5      3.5888   0.0434
  22    8     6     12.9592   5.7000
  22    9     5      3.3909   0.0434
  22    9     6     14.8599   5.7000
  22    10    5      3.2007   0.0434
  22    10    6     14.5139   5.7000
  22    11    5      2.9448   0.0434
  22    11    6     15.8479   5.7000
  22    12    5      2.6907   0.0434
  22    12    6     24.6250   5.7000
  22    13    5      2.5506   0.0434
  22    13    6     39.8480   5.7000
  22    14    5      2.0488   0.0434
  22    14    6     73.0654   5.7000
  22    15    5      2.3519   0.0434
  22    15    6     11.6771   5.7000
  22    16    5      2.0800   0.0434
  22    16    6     26.3400   5.7000
  23    2     5      4.9964   0.0434
  23    3     5      4.8817   0.0434
  23    4     5      4.5186   0.0434
  23    5     5      4.1970   0.0434
  23    5     6      0.7840   5.7000
  23    6     5      3.8806   0.0434
  23    6     6      2.3162   5.7000
  23    7     5      3.5790   0.0434
  23    7     6      4.9289   5.7000
  23    8     5      3.3141   0.0434
  23    8     6      8.6680   5.7000
  23    9     5      3.0932   0.0434
  23    9     6     11.8284   5.7000
  23    10    5      2.8794   0.0434
  23    10    6     12.3194   5.7000
  23    11    5      2.6172   0.0434
  23    11    6     14.0076   5.7000
  23    12    5      2.3258   0.0434
  23    12    6     22.5934   5.7000
  23    13    5      2.1662   0.0434
  23    13    6     46.9153   5.7000
  23    14    5      2.2296   0.0434
  23    14    6     76.1838   5.7000
  23    15    5      2.2497   0.0434
  23    15    6     31.3598   5.7000
  23    16    5      2.0476   0.0434
  23    16    6     60.5372   5.7000
  24    2     5      5.6028   0.0434
  24    3     5      5.4741   0.0434
  24    4     5      5.1058   0.0434
  24    5     5      4.7891   0.0434
  24    5     6      0.8211   5.7000
  24    6     5      4.4760   0.0434
  24    6     6      2.3831   5.7000
  24    7     5      4.1793   0.0434
  24    7     6      5.1145   5.7000
  24    8     5      3.9138   0.0434
  24    8     6      8.8398   5.7000
  24    9     5      3.6903   0.0434
  24    9     6     11.8323   5.7000
  24    10    5      3.4747   0.0434
  24    10    6     12.8290   5.7000
  24    11    5      3.2121   0.0434
  24    11    6     15.2488   5.7000
  24    12    5      2.9413   0.0434
  24    12    6     24.6196   5.7000
  24    13    5      2.7862   0.0434
  24    13    6     49.3774   5.7000
  24    14    5      2.8483   0.0434
  24    14    6     81.9755   5.7000
  24    15    5      2.9764   0.0434
  24    15    6     35.7871   5.7000
  24    16    5      2.8676   0.0434
  24    16    6     65.4075   5.7000
  25    2     5      4.9891   0.0434
  25    3     5      4.9539   0.0434
  25    4     5      4.6312   0.0434
  25    4     6      0.9417   5.7000
  25    5     5      4.3232   0.0434
  25    5     6      2.5539   5.7000
  25    6     5      4.0233   0.0434
  25    6     6      5.2861   5.7000
  25    7     5      3.7434   0.0434
  25    7     6      8.8655   5.7000
  25    8     5      3.5199   0.0434
  25    8     6     13.0263   5.7000
  25    9     5      3.3273   0.0434
  25    9     6     15.6438   5.7000
  25    10    5      3.1363   0.0434
  25    10    6     16.6338   5.7000
  25    11    5      2.8918   0.0434
  25    11    6     19.4618   5.7000
  25    12    5      2.6763   0.0434
  25    12    6     30.5796   5.7000
  25    13    5      2.5916   0.0434
  25    13    6     51.6965   5.7000
  25    14    5      2.5813   0.0434
  25    14    6     88.4572   5.7000
  25    15    5      2.9257   0.0434
  25    15    6     19.4347   5.7000
  25    16    5      2.5156   0.0434
  25    16    6     31.5554   5.7000
  26    2     5      5.5012   0.0434
  26    3     5      5.3806   0.0434
  26    4     5      5.0228   0.0434
  26    4     6      0.7067   5.7000
  26    5     5      4.7092   0.0434
  26    5     6      2.2388   5.7000
  26    6     5      4.4105   0.0434
  26    6     6      4.7261   5.7000
  26    7     5      4.1260   0.0434
  26    7     6      7.8916   5.7000
  26    8     5      3.8891   0.0434
  26    8     6     12.0210   5.7000
  26    9     5      3.6923   0.0434
  26    9     6     14.6436   5.7000
  26    10    5      3.5060   0.0434
  26    10    6     14.2140   5.7000
  26    11    5      3.2559   0.0434
  26    11    6     15.4428   5.7000
  26    12    5      3.0092   0.0434
  26    12    6     21.5885   5.7000
  26    13    5      2.8446   0.0434
  26    13    6     38.7094   5.7000
  26    14    5      2.7709   0.0434
  26    14    6     79.4936   5.7000
  26    15    5      2.9244   0.0434
  26    16    5      2.2832   0.0434
  26    16    6     13.4199   5.7000
  27    2     5      4.9380   0.0434
  27    2     6      0.2153   5.7000
  27    3     5      4.6810   0.0434
  27    3     6      0.3078   5.7000
  27    4     5      4.3794   0.0434
  27    4     6      4.7411   5.7000
  27    5     5      4.1533   0.0434
  27    5     6      9.1794   5.7000
  27    6     5      3.8218   0.0434
  27    6     6     18.1908   5.7000
  27    7     5      3.7242   0.0434
  27    7     6     26.3214   5.7000
  27    8     5      3.7061   0.0434
  27    8     6     29.8343   5.7000
  27    9     5      3.6027   0.0434
  27    9     6     15.3179   5.7000
  27    10    5      3.3412   0.0434
  27    10    6      8.0127   5.7000
  27    11    5      3.0005   0.0434
  27    11    6      9.2505   5.7000
  27    12    5      2.7037   0.0434
  27    12    6     15.8230   5.7000
  27    13    5      2.5393   0.0434
  27    13    6     32.8333   5.7000
  27    14    5      2.5345   0.0434
  27    14    6     71.8827   5.7000
  27    15    5      2.2771   0.0434
  27    16    5      1.6639   0.0434
  27    16    6     29.4374   5.7000
  28    2     5      4.6086   0.0434
  28    2     6      2.0000   5.7000
  28    3     5      4.2807   0.0434
  28    3     6      2.0000   5.7000
  28    4     5      3.9747   0.0434
  28    4     6      8.6381   5.7000
  28    5     5      3.6505   0.0434
  28    5     6     14.0931   5.7000
  28    6     5      3.3923   0.0434
  28    6     6     21.7036   5.7000
  28    7     5      3.2928   0.0434
  28    7     6     32.0094   5.7000
  28    8     5      3.3519   0.0434
  28    8     6     34.8991   5.7000
  28    9     5      3.3200   0.0434
  28    9     6     23.2363   5.7000
  28    10    5      3.0145   0.0434
  28    10    6     12.9864   5.7000
  28    11    5      2.7359   0.0434
  28    11    6     12.2930   5.7000
  28    12    5      2.4407   0.0434
  28    12    6     20.2309   5.7000
  28    13    5      2.2894   0.0434
  28    13    6     45.3220   5.7000
  28    14    5      2.4997   0.0434
  28    14    6     89.7316   5.7000
  28    15    5      2.3182   0.0434
  28    16    5      1.6369   0.0434
  28    16    6     33.9714   5.7000
  29    2     5      5.5617   0.0434
  29    3     5      5.1912   0.0434
  29    3     6      1.3090   5.7000
  29    4     5      4.8683   0.0434
  29    4     6      8.6817   5.7000
  29    5     5      4.5858   0.0434
  29    5     6     12.5647   5.7000
  29    6     5      4.3028   0.0434
  29    6     6     20.4831   5.7000
  29    7     5      4.1953   0.0434
  29    7     6     30.1061   5.7000
  29    8     5      4.2105   0.0434
  29    8     6     34.7879   5.7000
  29    9     5      4.1620   0.0434
  29    9     6     23.2403   5.7000
  29    10    5      3.8806   0.0434
  29    10    6     15.0136   5.7000
  29    11    5      3.6032   0.0434
  29    11    6     16.3689   5.7000
  29    12    5      3.2768   0.0434
  29    12    6     26.4990   5.7000
  29    13    5      2.8062   0.0434
  29    13    6     58.1752   5.7000
  29    14    5      2.9382   0.0434
  29    15    5      3.0154   0.0434
  29    15    6     26.3996   5.7000
  29    16    5      2.9194   0.0434
  29    16    6     61.1158   5.7000
  30    2     5      4.7433   0.0434
  30    2     6      1.3818   5.7000
  30    3     5      4.3988   0.0434
  30    3     6      3.0628   5.7000
  30    4     5      4.1134   0.0434
  30    4     6      6.2197   5.7000
  30    5     5      3.9332   0.0434
  30    5     6     11.8471   5.7000
  30    6     5      3.5681   0.0434
  30    6     6     24.3354   5.7000
  30    7     5      3.5126   0.0434
  30    7     6     35.1784   5.7000
  30    8     5      3.5976   0.0434
  30    8     6     41.7042   5.7000
  30    9     5      3.5649   0.0434
  30    9     6     29.2563   5.7000
  30    10    5      3.3927   0.0434
  30    10    6     24.0971   5.7000
  30    11    5      3.1438   0.0434
  30    11    6     31.7959   5.7000
  30    12    5      3.0929   0.0434
  30    12    6     47.7164   5.7000
  30    13    5      3.2258   0.0434
  30    13    6     62.6920   5.7000
  30    14    5      2.8375   0.0434
  30    14    6     68.9424   5.7000
  30    15    5      2.3792   0.0434
  30    16    5      2.3369   0.0434
  31    2     5      3.7612   0.0434
  31    3     5      3.3321   0.0434
  31    4     5      3.1338   0.0434
  31    5     5      3.1119   0.0434
  31    6     5      2.8404   0.0434
  31    7     5      3.0475   0.0434
  31    8     5      3.3767   0.0434
  31    9     5      3.6661   0.0434
  31    9     6     68.4295   5.7000
  31    10    5      3.5025   0.0434
  31    10    6     46.7663   5.7000
  31    11    5      3.4182   0.0434
  31    11    6     32.7525   5.7000
  31    12    5      3.2819   0.0434
  31    12    6     27.6180   5.7000
  31    13    5      3.2154   0.0434
  31    13    6     22.9195   5.7000
  31    14    5      2.5067   0.0434
  31    14    6      2.1059   5.7000
  31    15    5      1.9512   0.0434
  31    15    6     59.2792   5.7000
  31    16    5      2.2846   0.0434
  31    16    6     61.7327   5.7000
  32    2     5      6.2309   0.0434
  32    3     5      5.8909   0.0434
  32    4     5      5.5714   0.0434
  32    4     6      2.6518   5.7000
  32    5     5      5.2687   0.0434
  32    5     6      5.8951   5.7000
  32    6     5      4.9969   0.0434
  32    6     6     10.9070   5.7000
  32    7     5      4.8930   0.0434
  32    7     6     12.1602   5.7000
  32    8     5      4.8437   0.0434
  32    8     6      1.0482   5.7000
  32    9     5      4.6185   0.0434
  32    10    5      4.2119   0.0434
  32    11    5      3.8704   0.0434
  32    11    6     76.4743   5.7000
  32    12    5      3.6298   0.0434
  32    12    6     39.0403   5.7000
  32    13    5      3.6252   0.0434
  32    13    6     15.4418   5.7000
  32    14    5      3.4248   0.0434
  32    15    5      3.5522   0.0434
  32    16    5      2.9768   0.0434
  32    16    6     67.1362   5.7000
  33    2     5      7.2125   0.0434
  33    3     5      6.6471   0.0434
  33    4     5      6.4356   0.0434
  33    5     5      6.1493   0.0434
  33    6     5      5.8056   0.0434
  33    7     5      5.4644   0.0434
  33    8     5      5.1460   0.0434
  33    9     5      4.8316   0.0434
  33    10    5      4.4715   0.0434
  33    11    5      3.9389   0.0434
  33    12    5      2.9681   0.0434
  33    13    5      2.7473   0.0434
  33    13    6     42.7374   5.7000
  33    14    5      2.6932   0.0434
  33    15    5      3.3172   0.0434
  33    16    5      2.9209   0.0434
  33    16    6     53.9608   5.7000
  34    2     5      6.7038   0.0434
  34    3     5      6.1655   0.0434
  34    4     5      5.9780   0.0434
  34    4     6      0.6316   5.7000
  34    5     5      5.7122   0.0434
  34    6     5      5.3735   0.0434
  34    7     5      5.0394   0.0434
  34    8     5      4.7337   0.0434
  34    9     5      4.4454   0.0434
  34    10    5      4.1227   0.0434
  34    11    5      3.6449   0.0434
  34    12    5      3.0330   0.0434
  34    12    6     10.1145   5.7000
  34    13    5      2.9993   0.0434
  34    13    6     47.1257   5.7000
  34    14    5      2.5767   0.0434
  34    14    6     87.5344   5.7000
  34    15    5      3.4086   0.0434
  34    16    5      2.8383   0.0434
  34    16    6     80.7480   5.7000
  35    2     5      5.1187   0.0434
  35    3     5      4.7369   0.0434
  35    4     5      4.6316   0.0434
  35    5     5      4.4251   0.0434
  35    6     5      4.0539   0.0434
  35    7     5      3.6797   0.0434
  35    8     5      3.3667   0.0434
  35    9     5      3.0467   0.0434
  35    9     6      0.0776   5.7000
  35    10    5      2.7737   0.0434
  35    10    6      1.0055   5.7000
  35    11    5      2.3190   0.0434
  35    11    6      6.8184   5.7000
  35    12    5      1.9671   0.0434
  35    12    6     36.4416   5.7000
  35    13    5      2.2600   0.0434
  35    13    6     69.4264   5.7000
  35    14    5      2.4940   0.0434
  35    14    6     80.0744   5.7000
  35    15    5      2.3387   0.0434
  35    16    5      1.8598   0.0434
  35    16    6      9.5490   5.7000
  36    2     5      6.4524   0.0434
  36    3     5      5.8478   0.0434
  36    4     5      5.5778   0.0434
  36    4     6      4.2921   5.7000
  36    5     5      5.2121   0.0434
  36    5     6      5.4456   5.7000
  36    6     5      4.9227   0.0434
  36    6     6      5.0024   5.7000
  36    7     5      4.6687   0.0434
  36    7     6      6.6682   5.7000
  36    8     5      4.4166   0.0434
  36    8     6     10.6192   5.7000
  36    9     5      4.2551   0.0434
  36    9     6     10.2158   5.7000
  36    10    5      3.9637   0.0434
  36    10    6      7.7501   5.7000
  36    11    5      3.6177   0.0434
  36    11    6      7.7379   5.7000
  36    12    5      3.2251   0.0434
  36    12    6     30.6509   5.7000
  36    13    5      3.2574   0.0434
  36    13    6     61.5512   5.7000
  36    14    5      3.2035   0.0434
  36    15    5      3.8756   0.0434
  36    16    5      3.5754   0.0434
  37    2     5      4.3812   0.0434
  37    2     6     64.2619   5.7000
  37    3     5      4.6691   0.0434
  37    4     5      3.8141   0.0434
  37    4     6     22.0956   5.7000
  37    5     5      4.1610   0.0434
  37    5     6     10.4320   5.7000
  37    6     5      3.9202   0.0434
  37    6     6     11.4165   5.7000
  37    7     5      3.6976   0.0434
  37    7     6     15.2093   5.7000
  37    8     5      3.3922   0.0434
  37    8     6     16.9944   5.7000
  37    9     5      3.1674   0.0434
  37    9     6     11.6349   5.7000
  37    10    5      2.6045   0.0434
  37    10    6      6.7036   5.7000
  37    11    5      2.2338   0.0434
  37    11    6     11.7310   5.7000
  37    12    5      2.4944   0.0434
  37    12    6     43.4022   5.7000
  37    13    5      2.8558   0.0434
  37    13    6     59.2196   5.7000
  37    14    5      2.7475   0.0434
  37    14    6     62.9851   5.7000
  37    15    5      2.6150   0.0434
  37    16    5      2.2120   0.0434
  37    16    6     78.6856   5.7000
  38    2     5      5.2724   0.0434
  38    3     5      4.7054   0.0434
  38    4     5      4.3977   0.0434
  38    4     6      6.5071   5.7000
  38    5     5      4.0236   0.0434
  38    5     6      7.8466   5.7000
  38    6     5      3.7526   0.0434
  38    6     6      6.8019   5.7000
  38    7     5      3.5185   0.0434
  38    7     6      8.6218   5.7000
  38    8     5      3.1407   0.0434
  38    8     6     14.5930   5.7000
  38    9     5      2.6593   0.0434
  38    9     6     16.9388   5.7000
  38    10    5      2.3304   0.0434
  38    10    6     13.6368   5.7000
  38    11    5      1.8804   0.0434
  38    11    6      9.6171   5.7000
  38    12    5      2.2429   0.0434
  38    12    6     31.9157   5.7000
  38    13    5      2.4493   0.0434
  38    13    6     53.4810   5.7000
  38    14    5      2.4275   0.0434
  38    14    6     65.2754   5.7000
  38    15    5      2.0335   0.0434
  38    16    5      2.1000   0.0434
  39    2     5      4.0951   0.0434
  39    2     6      4.7257   5.7000
  39    3     5      3.7615   0.0434
  39    3     6      4.7694   5.7000
  39    4     5      3.5153   0.0434
  39    4     6      6.2467   5.7000
  39    5     5      3.1841   0.0434
  39    5     6      8.3008   5.7000
  39    6     5      2.8994   0.0434
  39    6     6     12.3356   5.7000
  39    7     5      2.6818   0.0434
  39    7     6     17.4336   5.7000
  39    8     5      2.5060   0.0434
  39    8     6     21.7400   5.7000
  39    9     5      2.3695   0.0434
  39    9     6     22.0000   5.7000
  39    10    5      2.2044   0.0434
  39    10    6     19.0579   5.7000
  39    11    5      1.7823   0.0434
  39    11    6     25.7358   5.7000
  39    12    5      1.5618   0.0434
  39    12    6     69.7472   5.7000
  39    13    5      1.5095   0.0434
  39    14    5      1.2267   0.0434
  39    14    6     42.7247   5.7000
  39    15    5      0.6051   0.0434
  39    15    6     68.8520   5.7000
  39    16    5      1.2192   0.0434
  39    16    6     33.9055   5.7000
  40    2     5      3.2515   0.0434
  40    2     6     57.8630   5.7000
  40    3     5      3.4387   0.0434
  40    3     6     19.6432   5.7000
  40    4     5      3.1743   0.0434
  40    4     6     16.4961   5.7000
  40    5     5      2.9579   0.0434
  40    5     6     20.7784   5.7000
  40    6     5      2.5132   0.0434
  40    6     6     22.7924   5.7000
  40    7     5      2.2932   0.0434
  40    7     6     26.5681   5.7000
  40    8     5      2.1683   0.0434
  40    8     6     31.6918   5.7000
  40    9     5      2.1402   0.0434
  40    9     6     33.9610   5.7000
  40    10    5      1.8959   0.0434
  40    10    6     27.0526   5.7000
  40    11    5      1.5825   0.0434
  40    11    6     32.8536   5.7000
  40    12    5      1.3689   0.0434
  40    12    6     80.6018   5.7000
  40    13    5      1.3760   0.0434
  40    14    5      1.2409   0.0434
  40    14    6     73.8180   5.7000
  40    15    5      0.9135   0.0434
  40    16    5      1.2645   0.0434
  40    16    6     85.1391   5.7000
  41    2     5      3.7422   0.0434
  41    3     5      3.3595   0.0434
  41    4     5      3.1641   0.0434
  41    4     6     63.2065   5.7000
  41    5     5      2.9216   0.0434
  41    5     6     64.3360   5.7000
  41    6     5      2.5744   0.0434
  41    6     6     60.2894   5.7000
  41    7     5      2.3206   0.0434
  41    7     6     54.5780   5.7000
  41    8     5      1.9961   0.0434
  41    8     6     51.2309   5.7000
  41    9     5      2.0292   0.0434
  41    9     6     43.1427   5.7000
  41    10    5      1.8428   0.0434
  41    10    6     29.9882   5.7000
  41    11    5      1.4232   0.0434
  41    11    6     31.8685   5.7000
  41    12    5      1.3515   0.0434
  41    13    5      1.3944   0.0434
  41    14    5      1.5225   0.0434
  41    15    5      1.0903   0.0434
  41    16    5      2.4845   0.0434
  42    2     5      4.6814   0.0434
  42    3     5      4.2307   0.0434
  42    4     5      3.8948   0.0434
  42    4     6      2.2664   5.7000
  42    5     5      3.6480   0.0434
  42    5     6      2.0000   5.7000
  42    6     5      3.3601   0.0434
  42    6     6      3.6547   5.7000
  42    7     5      3.0659   0.0434
  42    7     6      5.7543   5.7000
  42    8     5      2.8078   0.0434
  42    8     6      8.7879   5.7000
  42    9     5      2.6042   0.0434
  42    9     6     11.9290   5.7000
  42    10    5      2.3698   0.0434
  42    10    6     12.0787   5.7000
  42    11    5      2.0612   0.0434
  42    11    6     18.9407   5.7000
  42    12    5      1.7751   0.0434
  42    12    6     42.2651   5.7000
  42    13    5      1.3055   0.0434
  42    13    6     72.8824   5.7000
  42    14    5      1.1702   0.0434
  42    14    6      4.7644   5.7000
  42    15    5      1.2699   0.0434
  42    15    6     12.2167   5.7000
  42    16    5      1.2599   0.0434
  42    16    6     57.7988   5.7000
  43    2     5      4.8326   0.0434
  43    3     5      4.4284   0.0434
  43    3     6      1.1059   5.7000
  43    4     5      4.1196   0.0434
  43    4     6      4.0000   5.7000
  43    5     5      3.8676   0.0434
  43    5     6      4.0000   5.7000
  43    6     5      3.5822   0.0434
  43    6     6      6.4848   5.7000
  43    7     5      3.3130   0.0434
  43    7     6      9.6415   5.7000
  43    8     5      3.0821   0.0434
  43    8     6     12.7936   5.7000
  43    9     5      2.9142   0.0434
  43    9     6     15.9318   5.7000
  43    10    5      2.7108   0.0434
  43    10    6     14.0257   5.7000
  43    11    5      2.3799   0.0434
  43    11    6     16.8404   5.7000
  43    12    5      2.0002   0.0434
  43    12    6     41.4970   5.7000
  43    13    5      1.7720   0.0434
  43    13    6     78.2131   5.7000
  43    14    5      1.9925   0.0434
  43    14    6     15.0000   5.7000
  43    15    5      1.9529   0.0434
  43    15    6     36.9308   5.7000
  43    16    5      2.2853   0.0434
  44    2     5      5.0656   0.0434
  44    3     5      4.7478   0.0434
  44    3     6      0.8560   5.7000
  44    4     5      4.4603   0.0434
  44    4     6      3.0000   5.7000
  44    5     5      4.1712   0.0434
  44    5     6      2.2172   5.7000
  44    6     5      3.8797   0.0434
  44    6     6      3.6581   5.7000
  44    7     5      3.5817   0.0434
  44    7     6      4.8763   5.7000
  44    8     5      3.3125   0.0434
  44    8     6      6.8569   5.7000
  44    9     5      3.0818   0.0434
  44    9     6      9.9269   5.7000
  44    10    5      2.8173   0.0434
  44    10    6     11.0656   5.7000
  44    11    5      2.5098   0.0434
  44    11    6     16.7362   5.7000
  44    12    5      2.2476   0.0434
  44    12    6     35.7680   5.7000
  44    13    5      2.0560   0.0434
  44    13    6     63.7469   5.7000
  44    14    5      1.5042   0.0434
  44    14    6      6.7021   5.7000
  44    15    5      1.8185   0.0434
  44    15    6      3.2269   5.7000
  44    16    5      1.6193   0.0434
  45    2     5      4.3378   0.0434
  45    2     6     46.6647   5.7000
  45    3     5      4.9238   0.0434
  45    3     6     87.0856   5.7000
  45    4     5      4.0459   0.0434
  45    4     6     28.2233   5.7000
  45    5     5      4.2540   0.0434
  45    5     6      0.9075   5.7000
  45    6     5      4.0582   0.0434
  45    6     6      1.3787   5.7000
  45    7     5      4.3238   0.0434
  45    7     6      0.2581   5.7000
  45    8     5      3.8670   0.0434
  45    8     6      9.9632   5.7000
  45    9     5      3.8116   0.0434
  45    9     6     13.9416   5.7000
  45    10    5      3.3738   0.0434
  45    10    6      7.9696   5.7000
  45    11    5      2.8453   0.0434
  45    11    6      3.9520   5.7000
  45    12    5      2.8020   0.0434
  45    13    5      3.4294   0.0434
  45    13    6     15.5866   5.7000
  45    14    5      3.6916   0.0434
  45    14    6     21.3692   5.7000
  45    15    5      2.8086   0.0434
  45    15    6     46.4427   5.7000
  45    16    5      2.8793   0.0434
  45    16    6     65.7333   5.7000
  46    2     5      4.5921   0.0434
  46    2     6     37.3007   5.7000
  46    3     5      5.1395   0.0434
  46    3     6     88.3989   5.7000
  46    4     5      4.2367   0.0434
  46    4     6     27.9757   5.7000
  46    5     5      4.2701   0.0434
  46    5     6      2.1934   5.7000
  46    6     5      4.0812   0.0434
  46    7     5      4.3308   0.0434
  46    7     6      0.1324   5.7000
  46    8     5      3.8745   0.0434
  46    8     6      9.9658   5.7000
  46    9     5      3.8249   0.0434
  46    9     6     13.9420   5.7000
  46    10    5      3.3915   0.0434
  46    10    6      7.9596   5.7000
  46    11    5      2.8880   0.0434
  46    11    6      2.2291   5.7000
  46    12    5      3.2208   0.0434
  46    13    5      3.5597   0.0434
  46    13    6     11.1559   5.7000
  46    14    5      3.7706   0.0434
  46    14    6     23.5075   5.7000
  46    15    5      2.9401   0.0434
  46    15    6     43.3964   5.7000
  46    16    5      3.0268   0.0434
  46    16    6     48.5972   5.7000
  47    2     5      4.6133   0.0434
  47    2     6      8.9068   5.7000
  47    3     5      4.2436   0.0434
  47    3     6     82.3691   5.7000
  47    4     5      3.7303   0.0434
  47    4     6     35.6581   5.7000
  47    5     5      3.7414   0.0434
  47    6     5      3.5109   0.0434
  47    7     5      3.3012   0.0434
  47    8     5      3.1972   0.0434
  47    8     6      7.2849   5.7000
  47    9     5      3.1556   0.0434
  47    9     6     10.9404   5.7000
  47    10    5      2.7244   0.0434
  47    10    6      4.9602   5.7000
  47    11    5      2.1772   0.0434
  47    12    5      2.0012   0.0434
  47    13    5      2.1584   0.0434
  47    13    6      4.2622   5.7000
  47    14    5      2.1299   0.0434
  47    14    6      6.9003   5.7000
  47    15    5      1.5644   0.0434
  47    15    6     16.3877   5.7000
  47    16    5      1.5443   0.0434
  47    16    6      8.7426   5.7000
