Format:           OCCAM2MTMOD_1.0
Model Name:       MODEL MADE BY MTPY.MODELING.OCCAM2D
Description:      SIMPLE INVERSION
Mesh File:        Occam2DMesh
Mesh Type:        PW2D
Statics File:     none
Prejudice File:   none
Binding Offset:      0.0
Num Layers:         26
     2   283
    7    2    2    2    2    2    2    2    2    2    2    2    2    2    2    2    2    2    2    2    2    2    2    2    2    2    2    2    2    2    2    2    2    2    2    2    2    2    2    2    2    2    2    2    2    2    2    2    2    2    2    2    2    2    2    2    2    2    2    2    2    2    2    2    2    2    2    2    2    2    2    2    2    2    2    2    2    2    2    2    2    2    2    2    2    2    2    2    2    2    2    2    2    2    2    2    2    2    2    2    2    2    2    2    2    2    2    2    2    2    2    2    2    2    2    2    2    2    2    2    2    2    2    2    2    2    2    2    2    2    2    2    2    2    2    2    2    2    2    2    2    2    2    2    2    2    2    2    2    2    2    2    2    2    2    2    2    2    2    2    2    2    2    2    2    2    2    2    2    2    2    2    2    2    2    2    2    2    2    2    2    2    2    2    2    2    2    2    2    2    2    2    2    2    2    2    2    2    2    2    2    2    2    2    2    2    2    2    2    2    2    2    2    2    2    2    2    2    2    2    2    2    2    2    2    2    2    2    2    2    2    2    2    2    2    2    2    2    2    2    2    2    2    2    2    2    2    2    2    2    2    2    2    2    2    2    2    2    2    2    2    2    2    2    2    2    2    2    2    2    2    2    2    2    2    2    2    2    2    2    2    2    7
     1   283
    7    2    2    2    2    2    2    2    2    2    2    2    2    2    2    2    2    2    2    2    2    2    2    2    2    2    2    2    2    2    2    2    2    2    2    2    2    2    2    2    2    2    2    2    2    2    2    2    2    2    2    2    2    2    2    2    2    2    2    2    2    2    2    2    2    2    2    2    2    2    2    2    2    2    2    2    2    2    2    2    2    2    2    2    2    2    2    2    2    2    2    2    2    2    2    2    2    2    2    2    2    2    2    2    2    2    2    2    2    2    2    2    2    2    2    2    2    2    2    2    2    2    2    2    2    2    2    2    2    2    2    2    2    2    2    2    2    2    2    2    2    2    2    2    2    2    2    2    2    2    2    2    2    2    2    2    2    2    2    2    2    2    2    2    2    2    2    2    2    2    2    2    2    2    2    2    2    2    2    2    2    2    2    2    2    2    2    2    2    2    2    2    2    2    2    2    2    2    2    2    2    2    2    2    2    2    2    2    2    2    2    2    2    2    2    2    2    2    2    2    2    2    2    2    2    2    2    2    2    2    2    2    2    2    2    2    2    2    2    2    2    2    2    2    2    2    2    2    2    2    2    2    2    2    2    2    2    2    2    2    2    2    2    2    2    2    2    2    2    2    2    2    2    2    2    2    2    2    2    2    2    2    7
     1   283
    7    2    2    2    2    2    2    2    2    2    2    2    2    2    2    2    2    2    2    2    2    2    2    2    2    2    2    2    2    2    2    2    2    2    2    2    2    2    2    2    2    2    2    2    2    2    2    2    2    2    2    2    2    2    2    2    2    2    2    2    2    2    2    2    2    2    2    2    2    2    2    2    2    2    2    2    2    2    2    2    2    2    2    2    2    2    2    2    2    2    2    2    2    2    2    2    2    2    2    2    2    2    2    2    2    2    2    2    2    2    2    2    2    2    2    2    2    2    2    2    2    2    2    2    2    2    2    2    2    2    2    2    2    2    2    2    2    2    2    2    2    2    2    2    2    2    2    2    2    2    2    2    2    2    2    2    2    2    2    2    2    2    2    2    2    2    2    2    2    2    2    2    2    2    2    2    2    2    2    2    2    2    2    2    2    2    2    2    2    2    2    2    2    2    2    2    2    2    2    2    2    2    2    2    2    2    2    2    2    2    2    2    2    2    2    2    2    2    2    2    2    2    2    2    2    2    2    2    2    2    2    2    2    2    2    2    2    2    2    2    2    2    2    2    2    2    2    2    2    2    2    2    2    2    2    2    2    2    2    2    2    2    2    2    2    2    2    2    2    2    2    2    2    2    2    2    2    2    2    2    2    2    7
     1   283
    7    2    2    2    2    2    2    2    2    2    2    2    2    2    2    2    2    2    2    2    2    2    2    2    2    2    2    2    2    2    2    2    2    2    2    2    2    2    2    2    2    2    2    2    2    2    2    2    2    2    2    2    2    2    2    2    2    2    2    2    2    2    2    2    2    2    2    2    2    2    2    2    2    2    2    2    2    2    2    2    2    2    2    2    2    2    2    2    2    2    2    2    2    2    2    2    2    2    2    2    2    2    2    2    2    2    2    2    2    2    2    2    2    2    2    2    2    2    2    2    2    2    2    2    2    2    2    2    2    2    2    2    2    2    2    2    2    2    2    2    2    2    2    2    2    2    2    2    2    2    2    2    2    2    2    2    2    2    2    2    2    2    2    2    2    2    2    2    2    2    2    2    2    2    2    2    2    2    2    2    2    2    2    2    2    2    2    2    2    2    2    2    2    2    2    2    2    2    2    2    2    2    2    2    2    2    2    2    2    2    2    2    2    2    2    2    2    2    2    2    2    2    2    2    2    2    2    2    2    2    2    2    2    2    2    2    2    2    2    2    2    2    2    2    2    2    2    2    2    2    2    2    2    2    2    2    2    2    2    2    2    2    2    2    2    2    2    2    2    2    2    2    2    2    2    2    2    2    2    2    2    2    7
     1   283
    7    2    2    2    2    2    2    2    2    2    2    2    2    2    2    2    2    2    2    2    2    2    2    2    2    2    2    2    2    2    2    2    2    2    2    2    2    2    2    2    2    2    2    2    2    2    2    2    2    2    2    2    2    2    2    2    2    2    2    2    2    2    2    2    2    2    2    2    2    2    2    2    2    2    2    2    2    2    2    2    2    2    2    2    2    2    2    2    2    2    2    2    2    2    2    2    2    2    2    2    2    2    2    2    2    2    2    2    2    2    2    2    2    2    2    2    2    2    2    2    2    2    2    2    2    2    2    2    2    2    2    2    2    2    2    2    2    2    2    2    2    2    2    2    2    2    2    2    2    2    2    2    2    2    2    2    2    2    2    2    2    2    2    2    2    2    2    2    2    2    2    2    2    2    2    2    2    2    2    2    2    2    2    2    2    2    2    2    2    2    2    2    2    2    2    2    2    2    2    2    2    2    2    2    2    2    2    2    2    2    2    2    2    2    2    2    2    2    2    2    2    2    2    2    2    2    2    2    2    2    2    2    2    2    2    2    2    2    2    2    2    2    2    2    2    2    2    2    2    2    2    2    2    2    2    2    2    2    2    2    2    2    2    2    2    2    2    2    2    2    2    2    2    2    2    2    2    2    2    2    2    2    7
     1   283
    7    2    2    2    2    2    2    2    2    2    2    2    2    2    2    2    2    2    2    2    2    2    2    2    2    2    2    2    2    2    2    2    2    2    2    2    2    2    2    2    2    2    2    2    2    2    2    2    2    2    2    2    2    2    2    2    2    2    2    2    2    2    2    2    2    2    2    2    2    2    2    2    2    2    2    2    2    2    2    2    2    2    2    2    2    2    2    2    2    2    2    2    2    2    2    2    2    2    2    2    2    2    2    2    2    2    2    2    2    2    2    2    2    2    2    2    2    2    2    2    2    2    2    2    2    2    2    2    2    2    2    2    2    2    2    2    2    2    2    2    2    2    2    2    2    2    2    2    2    2    2    2    2    2    2    2    2    2    2    2    2    2    2    2    2    2    2    2    2    2    2    2    2    2    2    2    2    2    2    2    2    2    2    2    2    2    2    2    2    2    2    2    2    2    2    2    2    2    2    2    2    2    2    2    2    2    2    2    2    2    2    2    2    2    2    2    2    2    2    2    2    2    2    2    2    2    2    2    2    2    2    2    2    2    2    2    2    2    2    2    2    2    2    2    2    2    2    2    2    2    2    2    2    2    2    2    2    2    2    2    2    2    2    2    2    2    2    2    2    2    2    2    2    2    2    2    2    2    2    2    2    2    7
     1   283
    7    2    2    2    2    2    2    2    2    2    2    2    2    2    2    2    2    2    2    2    2    2    2    2    2    2    2    2    2    2    2    2    2    2    2    2    2    2    2    2    2    2    2    2    2    2    2    2    2    2    2    2    2    2    2    2    2    2    2    2    2    2    2    2    2    2    2    2    2    2    2    2    2    2    2    2    2    2    2    2    2    2    2    2    2    2    2    2    2    2    2    2    2    2    2    2    2    2    2    2    2    2    2    2    2    2    2    2    2    2    2    2    2    2    2    2    2    2    2    2    2    2    2    2    2    2    2    2    2    2    2    2    2    2    2    2    2    2    2    2    2    2    2    2    2    2    2    2    2    2    2    2    2    2    2    2    2    2    2    2    2    2    2    2    2    2    2    2    2    2    2    2    2    2    2    2    2    2    2    2    2    2    2    2    2    2    2    2    2    2    2    2    2    2    2    2    2    2    2    2    2    2    2    2    2    2    2    2    2    2    2    2    2    2    2    2    2    2    2    2    2    2    2    2    2    2    2    2    2    2    2    2    2    2    2    2    2    2    2    2    2    2    2    2    2    2    2    2    2    2    2    2    2    2    2    2    2    2    2    2    2    2    2    2    2    2    2    2    2    2    2    2    2    2    2    2    2    2    2    2    2    2    7
     1   283
    7    2    2    2    2    2    2    2    2    2    2    2    2    2    2    2    2    2    2    2    2    2    2    2    2    2    2    2    2    2    2    2    2    2    2    2    2    2    2    2    2    2    2    2    2    2    2    2    2    2    2    2    2    2    2    2    2    2    2    2    2    2    2    2    2    2    2    2    2    2    2    2    2    2    2    2    2    2    2    2    2    2    2    2    2    2    2    2    2    2    2    2    2    2    2    2    2    2    2    2    2    2    2    2    2    2    2    2    2    2    2    2    2    2    2    2    2    2    2    2    2    2    2    2    2    2    2    2    2    2    2    2    2    2    2    2    2    2    2    2    2    2    2    2    2    2    2    2    2    2    2    2    2    2    2    2    2    2    2    2    2    2    2    2    2    2    2    2    2    2    2    2    2    2    2    2    2    2    2    2    2    2    2    2    2    2    2    2    2    2    2    2    2    2    2    2    2    2    2    2    2    2    2    2    2    2    2    2    2    2    2    2    2    2    2    2    2    2    2    2    2    2    2    2    2    2    2    2    2    2    2    2    2    2    2    2    2    2    2    2    2    2    2    2    2    2    2    2    2    2    2    2    2    2    2    2    2    2    2    2    2    2    2    2    2    2    2    2    2    2    2    2    2    2    2    2    2    2    2    2    2    2    7
     1   144
    7    2    4    4    4    4    4    4    4    4    4    4    4    4    4    4    4    4    4    4    4    4    4    4    4    4    4    4    4    4    4    4    4    4    4    4    4    4    4    4    4    4    4    4    4    4    4    4    4    4    4    4    4    4    4    4    4    4    4    4    4    4    4    4    4    4    4    4    4    4    4    4    4    4    4    4    4    4    4    4    4    4    4    4    4    4    4    4    4    4    4    4    4    4    4    4    4    4    4    4    4    4    4    4    4    4    4    4    4    4    4    4    4    4    4    4    4    4    4    4    4    4    4    4    4    4    4    4    4    4    4    4    4    4    4    4    4    4    4    4    4    2    2    7
     1   144
    7    2    4    4    4    4    4    4    4    4    4    4    4    4    4    4    4    4    4    4    4    4    4    4    4    4    4    4    4    4    4    4    4    4    4    4    4    4    4    4    4    4    4    4    4    4    4    4    4    4    4    4    4    4    4    4    4    4    4    4    4    4    4    4    4    4    4    4    4    4    4    4    4    4    4    4    4    4    4    4    4    4    4    4    4    4    4    4    4    4    4    4    4    4    4    4    4    4    4    4    4    4    4    4    4    4    4    4    4    4    4    4    4    4    4    4    4    4    4    4    4    4    4    4    4    4    4    4    4    4    4    4    4    4    4    4    4    4    4    4    4    2    2    7
     1   144
    7    2    4    4    4    4    4    4    4    4    4    4    4    4    4    4    4    4    4    4    4    4    4    4    4    4    4    4    4    4    4    4    4    4    4    4    4    4    4    4    4    4    4    4    4    4    4    4    4    4    4    4    4    4    4    4    4    4    4    4    4    4    4    4    4    4    4    4    4    4    4    4    4    4    4    4    4    4    4    4    4    4    4    4    4    4    4    4    4    4    4    4    4    4    4    4    4    4    4    4    4    4    4    4    4    4    4    4    4    4    4    4    4    4    4    4    4    4    4    4    4    4    4    4    4    4    4    4    4    4    4    4    4    4    4    4    4    4    4    4    4    2    2    7
     1   144
    7    2    4    4    4    4    4    4    4    4    4    4    4    4    4    4    4    4    4    4    4    4    4    4    4    4    4    4    4    4    4    4    4    4    4    4    4    4    4    4    4    4    4    4    4    4    4    4    4    4    4    4    4    4    4    4    4    4    4    4    4    4    4    4    4    4    4    4    4    4    4    4    4    4    4    4    4    4    4    4    4    4    4    4    4    4    4    4    4    4    4    4    4    4    4    4    4    4    4    4    4    4    4    4    4    4    4    4    4    4    4    4    4    4    4    4    4    4    4    4    4    4    4    4    4    4    4    4    4    4    4    4    4    4    4    4    4    4    4    4    4    2    2    7
     1   143
    7    2    4    4    4    4    4    4    4    4    4    4    4    4    4    4    4    4    4    4    4    4    4    4    4    4    4    4    4    4    4    4    4    4    4    4    4    4    4    4    4    4    4    4    4    4    4    4    4    4    4    4    4    4    4    4    4    4    4    4    4    4    4    4    4    4    4    4    4    4    4    4    4    4    4    4    4    4    4    4    4    4    4    4    4    4    4    4    4    4    4    4    4    4    4    4    4    4    4    4    4    4    4    4    4    4    4    4    4    4    4    4    4    4    4    4    4    4    4    4    4    4    4    4    4    4    4    4    4    4    4    4    4    4    4    4    4    4    4    4    6    2    7
     1   143
    7    2    4    4    4    4    4    4    4    4    4    4    4    4    4    4    4    4    4    4    4    4    4    4    4    4    4    4    4    4    4    4    4    4    4    4    4    4    4    4    4    4    4    4    4    4    4    4    4    4    4    4    4    4    4    4    4    4    4    4    4    4    4    4    4    4    4    4    4    4    4    4    4    4    4    4    4    4    4    4    4    4    4    4    4    4    4    4    4    4    4    4    4    4    4    4    4    4    4    4    4    4    4    4    4    4    4    4    4    4    4    4    4    4    4    4    4    4    4    4    4    4    4    4    4    4    4    4    4    4    4    4    4    4    4    4    4    4    4    4    6    2    7
     1    74
    7    6    8    8    8    8    8    8    8    8    8    8    8    8    8    8    8    8    8    8    8    8    8    8    8    8    8    8    8    8    8    8    8    8    8    8    8    8    8    8    8    8    8    8    8    8    8    8    8    8    8    8    8    8    8    8    8    8    8    8    8    8    8    8    8    8    8    8    8    8    4    6    2    7
     1    74
    7    6    8    8    8    8    8    8    8    8    8    8    8    8    8    8    8    8    8    8    8    8    8    8    8    8    8    8    8    8    8    8    8    8    8    8    8    8    8    8    8    8    8    8    8    8    8    8    8    8    8    8    8    8    8    8    8    8    8    8    8    8    8    8    8    8    8    8    8    8    4    6    2    7
     1    73
    7    6    8    8    8    8    8    8    8    8    8    8    8    8    8    8    8    8    8    8    8    8    8    8    8    8    8    8    8    8    8    8    8    8    8    8    8    8    8    8    8    8    8    8    8    8    8    8    8    8    8    8    8    8    8    8    8    8    8    8    8    8    8    8    8    8    8    8    8    8   10    2    7
     1    72
    7    6    8    8    8    8    8    8    8    8    8    8    8    8    8    8    8    8    8    8    8    8    8    8    8    8    8    8    8    8    8    8    8    8    8    8    8    8    8    8    8    8    8    8    8    8    8    8    8    8    8    8    8    8    8    8    8    8    8    8    8    8    8    8    8    8    8    8    8    8   12    7
     1    72
    7    6    8    8    8    8    8    8    8    8    8    8    8    8    8    8    8    8    8    8    8    8    8    8    8    8    8    8    8    8    8    8    8    8    8    8    8    8    8    8    8    8    8    8    8    8    8    8    8    8    8    8    8    8    8    8    8    8    8    8    8    8    8    8    8    8    8    8    8    8   12    7
     1    71
    7   14    8    8    8    8    8    8    8    8    8    8    8    8    8    8    8    8    8    8    8    8    8    8    8    8    8    8    8    8    8    8    8    8    8    8    8    8    8    8    8    8    8    8    8    8    8    8    8    8    8    8    8    8    8    8    8    8    8    8    8    8    8    8    8    8    8    8    8   12    7
     1    38
    7   14   16   16   16   16   16   16   16   16   16   16   16   16   16   16   16   16   16   16   16   16   16   16   16   16   16   16   16   16   16   16   16   16   16    8   12    7
     1    38
    7   14   16   16   16   16   16   16   16   16   16   16   16   16   16   16   16   16   16   16   16   16   16   16   16   16   16   16   16   16   16   16   16   16   16    8   12    7
     1    37
    7   14   16   16   16   16   16   16   16   16   16   16   16   16   16   16   16   16   16   16   16   16   16   16   16   16   16   16   16   16   16   16   16   16   16   20    7
     1    37
    7   14   16   16   16   16   16   16   16   16   16   16   16   16   16   16   16   16   16   16   16   16   16   16   16   16   16   16   16   16   16   16   16   16   16   20    7
     1    37
    7   14   16   16   16   16   16   16   16   16   16   16   16   16   16   16   16   16   16   16   16   16   16   16   16   16   16   16   16   16   16   16   16   16   16   20    7
     5     3
    7  562    7
NO. EXCEPTIONS:   0
