      0.0000000     -0.0000000     97.7162968
     50.0000000     -0.0000000    199.8743204
    100.0000000     -0.0000000    143.6554146
    150.0000000     -0.0000000    209.0378837
    200.0000000     -0.0000000     39.9556316
    250.0000000     -0.0000000    195.5280189
    300.0000000     -0.0000000    165.0528394
    350.0000000     -0.0000000    185.4705672
    400.0000000     -0.0000000    132.3366084
    450.0000000     -0.0000000    213.8493822
    500.0000000     -0.0000000     21.9130586
    550.0000000     -0.0000000     41.7247747
    600.0000000     -0.0000000     82.9086799
    650.0000000     -0.0000000     37.0030907
    700.0000000     -0.0000000     46.2108546
    750.0000000     -0.0000000     23.5889712
    800.0000000     -0.0000000     10.3468940
    850.0000000     -0.0000000    278.8547201
    900.0000000     -0.0000000     36.7293295
    950.0000000     -0.0000000    112.6411304
   1000.0000000     -0.0000000     58.0858033
   1050.0000000     -0.0000000     73.9833513
   1100.0000000     -0.0000000    237.9024968
   1150.0000000     -0.0000000    800.0939750
   1200.0000000     -0.0000000     33.9148578
   1250.0000000     -0.0000000    133.0224676
   1300.0000000     -0.0000000    255.2860009
   1350.0000000     -0.0000000   2927.9860281
   1400.0000000     -0.0000000   5080.7637365
   1450.0000000     -0.0000000    443.3390640
   1500.0000000     -0.0000000  26945.1124266
   1550.0000000     -0.0000000  39002.8192166
   1600.0000000     -0.0000000  18305.1798407
   1650.0000000     -0.0000000   5934.7441360
   1700.0000000     -0.0000000    405.4935962
   1750.0000000     -0.0000000     30.0276953
   1800.0000000     -0.0000000     28.8231207
   1850.0000000     -0.0000000    156.9231437
   1900.0000000     -0.0000000     11.7301347
   1950.0000000     -0.0000000     14.9744541
   2000.0000000     -0.0000000      0.5175636
   2050.0000000     -0.0000000      3.9185717
   2100.0000000     -0.0000000      4.2199665
   2150.0000000     -0.0000000      5.6010932
   2200.0000000     -0.0000000     82.1801633
   2250.0000000     -0.0000000     40.8542272
   2300.0000000     -0.0000000     82.9501164
      0.0000000     -6.0000000   7922.9154784
     50.0000000     -6.0000000   3246.1150795
    100.0000000     -6.0000000   1536.6433213
    150.0000000     -6.0000000    563.0387075
    200.0000000     -6.0000000     39.9556316
    250.0000000     -6.0000000    195.5280189
    300.0000000     -6.0000000   1129.7048599
    350.0000000     -6.0000000   2201.6322000
    400.0000000     -6.0000000    779.8741095
    450.0000000     -6.0000000    213.8493822
    500.0000000     -6.0000000     26.3132294
    550.0000000     -6.0000000     41.7247747
    600.0000000     -6.0000000    823.6537479
    650.0000000     -6.0000000    946.3582229
    700.0000000     -6.0000000    303.6925256
    750.0000000     -6.0000000    197.3399684
    800.0000000     -6.0000000     10.3468940
    850.0000000     -6.0000000    278.8547201
    900.0000000     -6.0000000    353.4724018
    950.0000000     -6.0000000   2240.9875679
   1000.0000000     -6.0000000    949.0238557
   1050.0000000     -6.0000000    353.3892528
   1100.0000000     -6.0000000    237.9024968
   1150.0000000     -6.0000000    800.0939750
   1200.0000000     -6.0000000    486.5238814
   1250.0000000     -6.0000000   1769.0505361
   1300.0000000     -6.0000000    255.2860009
   1350.0000000     -6.0000000   2927.9860281
   1400.0000000     -6.0000000   5080.7637365
   1450.0000000     -6.0000000    443.3390640
   1500.0000000     -6.0000000  26945.1124266
   1550.0000000     -6.0000000  39002.8192166
   1600.0000000     -6.0000000  18305.1798407
   1650.0000000     -6.0000000   5934.7441360
   1700.0000000     -6.0000000   6370.8319501
   1750.0000000     -6.0000000   3055.1046002
   1800.0000000     -6.0000000     28.8231207
   1850.0000000     -6.0000000    156.9231437
   1900.0000000     -6.0000000     24.1944816
   1950.0000000     -6.0000000     14.9744541
   2000.0000000     -6.0000000     29.0048805
   2050.0000000     -6.0000000     48.0125676
   2100.0000000     -6.0000000     53.3482084
   2150.0000000     -6.0000000      5.6010932
   2200.0000000     -6.0000000     82.1801633
   2250.0000000     -6.0000000     40.8542272
   2300.0000000     -6.0000000     82.9501164
      0.0000000    -13.0000000   7922.9154784
     50.0000000    -13.0000000   3246.1150795
    100.0000000    -13.0000000   1536.6433213
    150.0000000    -13.0000000    563.0387075
    200.0000000    -13.0000000     27.2721926
    250.0000000    -13.0000000    107.1711918
    300.0000000    -13.0000000   1129.7048599
    350.0000000    -13.0000000   2201.6322000
    400.0000000    -13.0000000    779.8741095
    450.0000000    -13.0000000    171.8008965
    500.0000000    -13.0000000     35.1135711
    550.0000000    -13.0000000     30.3788050
    600.0000000    -13.0000000    823.6537479
    650.0000000    -13.0000000    946.3582229
    700.0000000    -13.0000000    303.6925256
    750.0000000    -13.0000000    197.3399684
    800.0000000    -13.0000000      8.2249070
    850.0000000    -13.0000000     87.8047622
    900.0000000    -13.0000000    353.4724018
    950.0000000    -13.0000000   2240.9875679
   1000.0000000    -13.0000000    949.0238557
   1050.0000000    -13.0000000    353.3892528
   1100.0000000    -13.0000000    101.6146690
   1150.0000000    -13.0000000    262.2058770
   1200.0000000    -13.0000000    486.5238814
   1250.0000000    -13.0000000   1769.0505361
   1300.0000000    -13.0000000    197.9635016
   1350.0000000    -13.0000000    799.5685258
   1400.0000000    -13.0000000   2082.9675059
   1450.0000000    -13.0000000    159.6197977
   1500.0000000    -13.0000000   9876.6823578
   1550.0000000    -13.0000000  12189.3479283
   1600.0000000    -13.0000000   6102.4096482
   1650.0000000    -13.0000000   2213.9988748
   1700.0000000    -13.0000000   6370.8319501
   1750.0000000    -13.0000000   3055.1046002
   1800.0000000    -13.0000000     25.6171611
   1850.0000000    -13.0000000    107.6949837
   1900.0000000    -13.0000000     24.1944816
   1950.0000000    -13.0000000     11.0079362
   2000.0000000    -13.0000000     29.0048805
   2050.0000000    -13.0000000     48.0125676
   2100.0000000    -13.0000000     53.3482084
   2150.0000000    -13.0000000      5.2299255
   2200.0000000    -13.0000000     57.0513110
   2250.0000000    -13.0000000     33.5029936
   2300.0000000    -13.0000000     66.3118092
      0.0000000    -20.0000000   7922.9154784
     50.0000000    -20.0000000   3246.1150795
    100.0000000    -20.0000000   1536.6433213
    150.0000000    -20.0000000    563.0387075
    200.0000000    -20.0000000     15.7294668
    250.0000000    -20.0000000    107.1711918
    300.0000000    -20.0000000   1129.7048599
    350.0000000    -20.0000000   2201.6322000
    400.0000000    -20.0000000    779.8741095
    450.0000000    -20.0000000    171.8008965
    500.0000000    -20.0000000     27.4639906
    550.0000000    -20.0000000     30.3788050
    600.0000000    -20.0000000    823.6537479
    650.0000000    -20.0000000    946.3582229
    700.0000000    -20.0000000    303.6925256
    750.0000000    -20.0000000    197.3399684
    800.0000000    -20.0000000      5.6998418
    850.0000000    -20.0000000     87.8047622
    900.0000000    -20.0000000    353.4724018
    950.0000000    -20.0000000   2240.9875679
   1000.0000000    -20.0000000    949.0238557
   1050.0000000    -20.0000000    353.3892528
   1100.0000000    -20.0000000    101.6146690
   1150.0000000    -20.0000000    262.2058770
   1200.0000000    -20.0000000    486.5238814
   1250.0000000    -20.0000000   1769.0505361
   1300.0000000    -20.0000000    197.9635016
   1350.0000000    -20.0000000    799.5685258
   1400.0000000    -20.0000000   2082.9675059
   1450.0000000    -20.0000000    159.6197977
   1500.0000000    -20.0000000   9876.6823578
   1550.0000000    -20.0000000  12189.3479283
   1600.0000000    -20.0000000   6102.4096482
   1650.0000000    -20.0000000   2213.9988748
   1700.0000000    -20.0000000   6370.8319501
   1750.0000000    -20.0000000   3055.1046002
   1800.0000000    -20.0000000   1596.9971692
   1850.0000000    -20.0000000    107.6949837
   1900.0000000    -20.0000000     24.1944816
   1950.0000000    -20.0000000      6.9308596
   2000.0000000    -20.0000000     29.0048805
   2050.0000000    -20.0000000     48.0125676
   2100.0000000    -20.0000000     53.3482084
   2150.0000000    -20.0000000     11.3494579
   2200.0000000    -20.0000000     57.0513110
   2250.0000000    -20.0000000     28.8014266
   2300.0000000    -20.0000000     55.0679615
      0.0000000    -29.0000000   7922.9154784
     50.0000000    -29.0000000   3246.1150795
    100.0000000    -29.0000000   1536.6433213
    150.0000000    -29.0000000    563.0387075
    200.0000000    -29.0000000   1574.0289998
    250.0000000    -29.0000000    107.1711918
    300.0000000    -29.0000000   1129.7048599
    350.0000000    -29.0000000   2201.6322000
    400.0000000    -29.0000000    779.8741095
    450.0000000    -29.0000000    171.8008965
    500.0000000    -29.0000000     27.4639906
    550.0000000    -29.0000000     24.0083879
    600.0000000    -29.0000000    823.6537479
    650.0000000    -29.0000000    946.3582229
    700.0000000    -29.0000000    303.6925256
    750.0000000    -29.0000000    197.3399684
    800.0000000    -29.0000000     86.9850299
    850.0000000    -29.0000000     87.8047622
    900.0000000    -29.0000000    353.4724018
    950.0000000    -29.0000000   2240.9875679
   1000.0000000    -29.0000000    949.0238557
   1050.0000000    -29.0000000    353.3892528
   1100.0000000    -29.0000000     36.9673228
   1150.0000000    -29.0000000    262.2058770
   1200.0000000    -29.0000000    486.5238814
   1250.0000000    -29.0000000   1769.0505361
   1300.0000000    -29.0000000    168.4880097
   1350.0000000    -29.0000000    799.5685258
   1400.0000000    -29.0000000   2082.9675059
   1450.0000000    -29.0000000     42.0843865
   1500.0000000    -29.0000000   9876.6823578
   1550.0000000    -29.0000000  12189.3479283
   1600.0000000    -29.0000000   6102.4096482
   1650.0000000    -29.0000000   2213.9988748
   1700.0000000    -29.0000000   6370.8319501
   1750.0000000    -29.0000000   3055.1046002
   1800.0000000    -29.0000000   1596.9971692
   1850.0000000    -29.0000000     74.7246690
   1900.0000000    -29.0000000     36.6534619
   1950.0000000    -29.0000000    128.9264654
   2000.0000000    -29.0000000     29.0048805
   2050.0000000    -29.0000000     48.0125676
   2100.0000000    -29.0000000     53.3482084
   2150.0000000    -29.0000000     11.3494579
   2200.0000000    -29.0000000     57.0513110
   2250.0000000    -29.0000000   6017.5707645
   2300.0000000    -29.0000000   7709.1227666
      0.0000000    -39.0000000   7922.9154784
     50.0000000    -39.0000000   3246.1150795
    100.0000000    -39.0000000   1536.6433213
    150.0000000    -39.0000000    873.4579459
    200.0000000    -39.0000000   1574.0289998
    250.0000000    -39.0000000     64.0283043
    300.0000000    -39.0000000   1129.7048599
    350.0000000    -39.0000000   2201.6322000
    400.0000000    -39.0000000    779.8741095
    450.0000000    -39.0000000    171.8008965
    500.0000000    -39.0000000     20.0023490
    550.0000000    -39.0000000    163.8762231
    600.0000000    -39.0000000    823.6537479
    650.0000000    -39.0000000    946.3582229
    700.0000000    -39.0000000    303.6925256
    750.0000000    -39.0000000    197.3399684
    800.0000000    -39.0000000     86.9850299
    850.0000000    -39.0000000     15.0164405
    900.0000000    -39.0000000    353.4724018
    950.0000000    -39.0000000   2240.9875679
   1000.0000000    -39.0000000    949.0238557
   1050.0000000    -39.0000000    353.3892528
   1100.0000000    -39.0000000    215.9190660
   1150.0000000    -39.0000000     52.8004957
   1200.0000000    -39.0000000    486.5238814
   1250.0000000    -39.0000000   1769.0505361
   1300.0000000    -39.0000000   1404.6796085
   1350.0000000    -39.0000000    799.5685258
   1400.0000000    -39.0000000   2082.9675059
   1450.0000000    -39.0000000   1133.0585392
   1500.0000000    -39.0000000   9876.6823578
   1550.0000000    -39.0000000  12189.3479283
   1600.0000000    -39.0000000   6102.4096482
   1650.0000000    -39.0000000    560.8309854
   1700.0000000    -39.0000000   6370.8319501
   1750.0000000    -39.0000000   3055.1046002
   1800.0000000    -39.0000000   1596.9971692
   1850.0000000    -39.0000000   1076.2245084
   1900.0000000    -39.0000000     34.7379558
   1950.0000000    -39.0000000    128.9264654
   2000.0000000    -39.0000000     29.0048805
   2050.0000000    -39.0000000     48.0125676
   2100.0000000    -39.0000000     53.3482084
   2150.0000000    -39.0000000     16.4681191
   2200.0000000    -39.0000000     57.0513110
   2250.0000000    -39.0000000   6017.5707645
   2300.0000000    -39.0000000   7709.1227666
      0.0000000    -49.0000000   7922.9154784
     50.0000000    -49.0000000   3246.1150795
    100.0000000    -49.0000000   1536.6433213
    150.0000000    -49.0000000    788.1076835
    200.0000000    -49.0000000   1574.0289998
    250.0000000    -49.0000000   1837.1641130
    300.0000000    -49.0000000   1129.7048599
    350.0000000    -49.0000000   2201.6322000
    400.0000000    -49.0000000    779.8741095
    450.0000000    -49.0000000    171.8008965
    500.0000000    -49.0000000   1872.8830709
    550.0000000    -49.0000000    163.8762231
    600.0000000    -49.0000000    823.6537479
    650.0000000    -49.0000000    946.3582229
    700.0000000    -49.0000000    303.6925256
    750.0000000    -49.0000000    197.3399684
    800.0000000    -49.0000000     86.9850299
    850.0000000    -49.0000000    149.2747284
    900.0000000    -49.0000000    353.4724018
    950.0000000    -49.0000000   2240.9875679
   1000.0000000    -49.0000000    949.0238557
   1050.0000000    -49.0000000    353.3892528
   1100.0000000    -49.0000000    215.9190660
   1150.0000000    -49.0000000    348.8367361
   1200.0000000    -49.0000000    486.5238814
   1250.0000000    -49.0000000   1769.0505361
   1300.0000000    -49.0000000   1404.6796085
   1350.0000000    -49.0000000    171.4565181
   1400.0000000    -49.0000000   2082.9675059
   1450.0000000    -49.0000000   1133.0585392
   1500.0000000    -49.0000000   9876.6823578
   1550.0000000    -49.0000000  12189.3479283
   1600.0000000    -49.0000000   6102.4096482
   1650.0000000    -49.0000000   5156.6487538
   1700.0000000    -49.0000000   6370.8319501
   1750.0000000    -49.0000000   3055.1046002
   1800.0000000    -49.0000000   1596.9971692
   1850.0000000    -49.0000000   1076.2245084
   1900.0000000    -49.0000000     33.3848170
   1950.0000000    -49.0000000    128.9264654
   2000.0000000    -49.0000000     29.0048805
   2050.0000000    -49.0000000     48.0125676
   2100.0000000    -49.0000000     53.3482084
   2150.0000000    -49.0000000     15.3205543
   2200.0000000    -49.0000000     57.0513110
   2250.0000000    -49.0000000   6017.5707645
   2300.0000000    -49.0000000   7709.1227666
      0.0000000    -59.0000000   7922.9154784
     50.0000000    -59.0000000   3246.1150795
    100.0000000    -59.0000000   1536.6433213
    150.0000000    -59.0000000    788.1076835
    200.0000000    -59.0000000   1574.0289998
    250.0000000    -59.0000000   1837.1641130
    300.0000000    -59.0000000   1129.7048599
    350.0000000    -59.0000000   2201.6322000
    400.0000000    -59.0000000    779.8741095
    450.0000000    -59.0000000    148.6349701
    500.0000000    -59.0000000   1872.8830709
    550.0000000    -59.0000000    163.8762231
    600.0000000    -59.0000000    823.6537479
    650.0000000    -59.0000000    946.3582229
    700.0000000    -59.0000000    303.6925256
    750.0000000    -59.0000000    372.3042552
    800.0000000    -59.0000000     86.9850299
    850.0000000    -59.0000000    149.2747284
    900.0000000    -59.0000000    353.4724018
    950.0000000    -59.0000000   2240.9875679
   1000.0000000    -59.0000000    949.0238557
   1050.0000000    -59.0000000    353.3892528
   1100.0000000    -59.0000000    215.9190660
   1150.0000000    -59.0000000    348.8367361
   1200.0000000    -59.0000000    486.5238814
   1250.0000000    -59.0000000   1769.0505361
   1300.0000000    -59.0000000   1404.6796085
   1350.0000000    -59.0000000   1233.3770988
   1400.0000000    -59.0000000   2082.9675059
   1450.0000000    -59.0000000   1133.0585392
   1500.0000000    -59.0000000   9876.6823578
   1550.0000000    -59.0000000  12189.3479283
   1600.0000000    -59.0000000   1116.7783858
   1650.0000000    -59.0000000   5156.6487538
   1700.0000000    -59.0000000   6370.8319501
   1750.0000000    -59.0000000   3055.1046002
   1800.0000000    -59.0000000   1596.9971692
   1850.0000000    -59.0000000   1076.2245084
   1900.0000000    -59.0000000    382.3880909
   1950.0000000    -59.0000000    128.9264654
   2000.0000000    -59.0000000     29.0048805
   2050.0000000    -59.0000000     48.0125676
   2100.0000000    -59.0000000    158.6872376
   2150.0000000    -59.0000000     15.3205543
   2200.0000000    -59.0000000     28.6388780
   2250.0000000    -59.0000000   6017.5707645
   2300.0000000    -59.0000000   7709.1227666
      0.0000000    -69.0000000   7922.9154784
     50.0000000    -69.0000000   3246.1150795
    100.0000000    -69.0000000   1536.6433213
    150.0000000    -69.0000000    716.8759322
    200.0000000    -69.0000000   1574.0289998
    250.0000000    -69.0000000   1837.1641130
    300.0000000    -69.0000000   1129.7048599
    350.0000000    -69.0000000   2201.6322000
    400.0000000    -69.0000000    779.8741095
    450.0000000    -69.0000000    149.5777513
    500.0000000    -69.0000000   1872.8830709
    550.0000000    -69.0000000    163.8762231
    600.0000000    -69.0000000    823.6537479
    650.0000000    -69.0000000    946.3582229
    700.0000000    -69.0000000    303.6925256
    750.0000000    -69.0000000    355.6652622
    800.0000000    -69.0000000     86.9850299
    850.0000000    -69.0000000    149.2747284
    900.0000000    -69.0000000    353.4724018
    950.0000000    -69.0000000   2240.9875679
   1000.0000000    -69.0000000    949.0238557
   1050.0000000    -69.0000000    353.3892528
   1100.0000000    -69.0000000    215.9190660
   1150.0000000    -69.0000000    348.8367361
   1200.0000000    -69.0000000    486.5238814
   1250.0000000    -69.0000000   1769.0505361
   1300.0000000    -69.0000000   1404.6796085
   1350.0000000    -69.0000000   1233.3770988
   1400.0000000    -69.0000000   2082.9675059
   1450.0000000    -69.0000000   1133.0585392
   1500.0000000    -69.0000000   2464.8244878
   1550.0000000    -69.0000000  12189.3479283
   1600.0000000    -69.0000000   5202.6315830
   1650.0000000    -69.0000000   5156.6487538
   1700.0000000    -69.0000000   6370.8319501
   1750.0000000    -69.0000000   3055.1046002
   1800.0000000    -69.0000000   1596.9971692
   1850.0000000    -69.0000000   1076.2245084
   1900.0000000    -69.0000000    382.3880909
   1950.0000000    -69.0000000    128.9264654
   2000.0000000    -69.0000000     69.3884202
   2050.0000000    -69.0000000     48.0125676
   2100.0000000    -69.0000000    103.2158001
   2150.0000000    -69.0000000     13.3529124
   2200.0000000    -69.0000000     28.7124333
   2250.0000000    -69.0000000   6017.5707645
   2300.0000000    -69.0000000   7709.1227666
      0.0000000    -89.0000000   7922.9154784
     50.0000000    -89.0000000   3246.1150795
    100.0000000    -89.0000000   3518.4387897
    150.0000000    -89.0000000    782.4074912
    200.0000000    -89.0000000   1574.0289998
    250.0000000    -89.0000000   1837.1641130
    300.0000000    -89.0000000   1129.7048599
    350.0000000    -89.0000000   2201.6322000
    400.0000000    -89.0000000    779.8741095
    450.0000000    -89.0000000    144.8995377
    500.0000000    -89.0000000   1872.8830709
    550.0000000    -89.0000000    163.8762231
    600.0000000    -89.0000000    823.6537479
    650.0000000    -89.0000000    946.3582229
    700.0000000    -89.0000000    303.6925256
    750.0000000    -89.0000000    355.6652622
    800.0000000    -89.0000000     86.9850299
    850.0000000    -89.0000000    149.2747284
    900.0000000    -89.0000000    353.4724018
    950.0000000    -89.0000000   2240.9875679
   1000.0000000    -89.0000000    949.0238557
   1050.0000000    -89.0000000    353.3892528
   1100.0000000    -89.0000000    215.9190660
   1150.0000000    -89.0000000    348.8367361
   1200.0000000    -89.0000000    486.5238814
   1250.0000000    -89.0000000   1769.0505361
   1300.0000000    -89.0000000   1404.6796085
   1350.0000000    -89.0000000   1233.3770988
   1400.0000000    -89.0000000    618.7055332
   1450.0000000    -89.0000000   1133.0585392
   1500.0000000    -89.0000000   3854.7066151
   1550.0000000    -89.0000000   3056.4760705
   1600.0000000    -89.0000000   5202.6315830
   1650.0000000    -89.0000000   5156.6487538
   1700.0000000    -89.0000000   6370.8319501
   1750.0000000    -89.0000000   3055.1046002
   1800.0000000    -89.0000000   1596.9971692
   1850.0000000    -89.0000000   1076.2245084
   1900.0000000    -89.0000000    382.3880909
   1950.0000000    -89.0000000    128.9264654
   2000.0000000    -89.0000000     65.7388938
   2050.0000000    -89.0000000    113.1251062
   2100.0000000    -89.0000000    103.2158001
   2150.0000000    -89.0000000     13.6735411
   2200.0000000    -89.0000000     26.9716180
   2250.0000000    -89.0000000   6017.5707645
   2300.0000000    -89.0000000   7709.1227666
      0.0000000   -109.0000000   7922.9154784
     50.0000000   -109.0000000   8830.9210070
    100.0000000   -109.0000000   1948.0002533
    150.0000000   -109.0000000    710.4293693
    200.0000000   -109.0000000   1574.0289998
    250.0000000   -109.0000000   1837.1641130
    300.0000000   -109.0000000   1129.7048599
    350.0000000   -109.0000000   2201.6322000
    400.0000000   -109.0000000    779.8741095
    450.0000000   -109.0000000   2453.8489223
    500.0000000   -109.0000000   1872.8830709
    550.0000000   -109.0000000    163.8762231
    600.0000000   -109.0000000   1896.7102885
    650.0000000   -109.0000000   2253.9641283
    700.0000000   -109.0000000    303.6925256
    750.0000000   -109.0000000    338.8277720
    800.0000000   -109.0000000     86.9850299
    850.0000000   -109.0000000    149.2747284
    900.0000000   -109.0000000    353.4724018
    950.0000000   -109.0000000   5662.0017596
   1000.0000000   -109.0000000    949.0238557
   1050.0000000   -109.0000000    353.3892528
   1100.0000000   -109.0000000    215.9190660
   1150.0000000   -109.0000000    348.8367361
   1200.0000000   -109.0000000    486.5238814
   1250.0000000   -109.0000000   1769.0505361
   1300.0000000   -109.0000000   1404.6796085
   1350.0000000   -109.0000000   1233.3770988
   1400.0000000   -109.0000000   1702.1822203
   1450.0000000   -109.0000000   1133.0585392
   1500.0000000   -109.0000000   3854.7066151
   1550.0000000   -109.0000000   5564.0431985
   1600.0000000   -109.0000000   5202.6315830
   1650.0000000   -109.0000000   5156.6487538
   1700.0000000   -109.0000000   6370.8319501
   1750.0000000   -109.0000000   3055.1046002
   1800.0000000   -109.0000000   1596.9971692
   1850.0000000   -109.0000000   1076.2245084
   1900.0000000   -109.0000000    382.3880909
   1950.0000000   -109.0000000    128.9264654
   2000.0000000   -109.0000000     62.6394593
   2050.0000000   -109.0000000    104.6652579
   2100.0000000   -109.0000000    103.2158001
   2150.0000000   -109.0000000     11.4989451
   2200.0000000   -109.0000000   3794.0839684
   2250.0000000   -109.0000000   6017.5707645
   2300.0000000   -109.0000000   7709.1227666
      0.0000000   -129.0000000  24432.8427570
     50.0000000   -129.0000000   4280.0086280
    100.0000000   -129.0000000   1948.0002533
    150.0000000   -129.0000000    710.4293693
    200.0000000   -129.0000000   1574.0289998
    250.0000000   -129.0000000   1837.1641130
    300.0000000   -129.0000000   1129.7048599
    350.0000000   -129.0000000   2201.6322000
    400.0000000   -129.0000000    779.8741095
    450.0000000   -129.0000000   2453.8489223
    500.0000000   -129.0000000   1872.8830709
    550.0000000   -129.0000000    163.8762231
    600.0000000   -129.0000000   1062.6229189
    650.0000000   -129.0000000   1375.9876051
    700.0000000   -129.0000000    303.6925256
    750.0000000   -129.0000000    338.8425957
    800.0000000   -129.0000000     86.9850299
    850.0000000   -129.0000000    149.2747284
    900.0000000   -129.0000000    353.4724018
    950.0000000   -129.0000000   2936.5521972
   1000.0000000   -129.0000000   2575.5085740
   1050.0000000   -129.0000000    353.3892528
   1100.0000000   -129.0000000    215.9190660
   1150.0000000   -129.0000000    348.8367361
   1200.0000000   -129.0000000    486.5238814
   1250.0000000   -129.0000000   1769.0505361
   1300.0000000   -129.0000000   1404.6796085
   1350.0000000   -129.0000000   1233.3770988
   1400.0000000   -129.0000000   1702.1822203
   1450.0000000   -129.0000000   1133.0585392
   1500.0000000   -129.0000000   3854.7066151
   1550.0000000   -129.0000000   5564.0431985
   1600.0000000   -129.0000000   5202.6315830
   1650.0000000   -129.0000000   5156.6487538
   1700.0000000   -129.0000000   6370.8319501
   1750.0000000   -129.0000000   3055.1046002
   1800.0000000   -129.0000000   1596.9971692
   1850.0000000   -129.0000000   1076.2245084
   1900.0000000   -129.0000000    382.3880909
   1950.0000000   -129.0000000    128.9264654
   2000.0000000   -129.0000000    150.6335049
   2050.0000000   -129.0000000     97.8671632
   2100.0000000   -129.0000000    103.2158001
   2150.0000000   -129.0000000   1993.8630804
   2200.0000000   -129.0000000   3794.0839684
   2250.0000000   -129.0000000   6017.5707645
   2300.0000000   -129.0000000   7709.1227666
      0.0000000   -149.0000000   9250.0151780
     50.0000000   -149.0000000   4280.0086280
    100.0000000   -149.0000000   1948.0002533
    150.0000000   -149.0000000    710.4293693
    200.0000000   -149.0000000   1574.0289998
    250.0000000   -149.0000000   1837.1641130
    300.0000000   -149.0000000   1129.7048599
    350.0000000   -149.0000000   2201.6322000
    400.0000000   -149.0000000    779.8741095
    450.0000000   -149.0000000   2453.8489223
    500.0000000   -149.0000000   1872.8830709
    550.0000000   -149.0000000    374.4027242
    600.0000000   -149.0000000   1062.6229189
    650.0000000   -149.0000000   1375.9876051
    700.0000000   -149.0000000    711.2642820
    750.0000000   -149.0000000    280.9093776
    800.0000000   -149.0000000     86.9850299
    850.0000000   -149.0000000    149.2747284
    900.0000000   -149.0000000   1460.5754616
    950.0000000   -149.0000000   2936.5521972
   1000.0000000   -149.0000000   1506.1002370
   1050.0000000   -149.0000000    353.3892528
   1100.0000000   -149.0000000    215.9190660
   1150.0000000   -149.0000000    348.8367361
   1200.0000000   -149.0000000    486.5238814
   1250.0000000   -149.0000000   1769.0505361
   1300.0000000   -149.0000000   1404.6796085
   1350.0000000   -149.0000000   1233.3770988
   1400.0000000   -149.0000000   1702.1822203
   1450.0000000   -149.0000000   1133.0585392
   1500.0000000   -149.0000000   3854.7066151
   1550.0000000   -149.0000000   5564.0431985
   1600.0000000   -149.0000000   5202.6315830
   1650.0000000   -149.0000000   5156.6487538
   1700.0000000   -149.0000000   6370.8319501
   1750.0000000   -149.0000000   3055.1046002
   1800.0000000   -149.0000000   1596.9971692
   1850.0000000   -149.0000000   1076.2245084
   1900.0000000   -149.0000000    382.3880909
   1950.0000000   -149.0000000    128.9264654
   2000.0000000   -149.0000000    150.6335049
   2050.0000000   -149.0000000    126.3284576
   2100.0000000   -149.0000000     45.6482360
   2150.0000000   -149.0000000   1993.8630804
   2200.0000000   -149.0000000   3794.0839684
   2250.0000000   -149.0000000   6017.5707645
   2300.0000000   -149.0000000   7709.1227666
      0.0000000   -179.0000000   9250.0151780
     50.0000000   -179.0000000   4280.0086280
    100.0000000   -179.0000000   1948.0002533
    150.0000000   -179.0000000    666.3325057
    200.0000000   -179.0000000   1574.0289998
    250.0000000   -179.0000000   1837.1641130
    300.0000000   -179.0000000   1129.7048599
    350.0000000   -179.0000000   5178.6790937
    400.0000000   -179.0000000    779.8741095
    450.0000000   -179.0000000   2453.8489223
    500.0000000   -179.0000000   1872.8830709
    550.0000000   -179.0000000    359.3367084
    600.0000000   -179.0000000   1062.6229189
    650.0000000   -179.0000000   1375.9876051
    700.0000000   -179.0000000    532.2665311
    750.0000000   -179.0000000    280.9093776
    800.0000000   -179.0000000    204.2146997
    850.0000000   -179.0000000    393.8174901
    900.0000000   -179.0000000    840.2222341
    950.0000000   -179.0000000   2936.5521972
   1000.0000000   -179.0000000   1506.1002370
   1050.0000000   -179.0000000    671.2588120
   1100.0000000   -179.0000000    215.9190660
   1150.0000000   -179.0000000    348.8367361
   1200.0000000   -179.0000000   1692.4661836
   1250.0000000   -179.0000000   3482.8438202
   1300.0000000   -179.0000000   3762.0970954
   1350.0000000   -179.0000000   1233.3770988
   1400.0000000   -179.0000000   1702.1822203
   1450.0000000   -179.0000000   1133.0585392
   1500.0000000   -179.0000000   3854.7066151
   1550.0000000   -179.0000000   5564.0431985
   1600.0000000   -179.0000000   5202.6315830
   1650.0000000   -179.0000000   5156.6487538
   1700.0000000   -179.0000000   6370.8319501
   1750.0000000   -179.0000000   3055.1046002
   1800.0000000   -179.0000000   1596.9971692
   1850.0000000   -179.0000000   1076.2245084
   1900.0000000   -179.0000000    382.3880909
   1950.0000000   -179.0000000    128.9264654
   2000.0000000   -179.0000000    150.6335049
   2050.0000000   -179.0000000    126.3284576
   2100.0000000   -179.0000000   2188.6241599
   2150.0000000   -179.0000000   1993.8630804
   2200.0000000   -179.0000000   3794.0839684
   2250.0000000   -179.0000000   6017.5707645
   2300.0000000   -179.0000000   7709.1227666
      0.0000000   -209.0000000   9250.0151780
     50.0000000   -209.0000000   4280.0086280
    100.0000000   -209.0000000   1948.0002533
    150.0000000   -209.0000000    699.3666881
    200.0000000   -209.0000000   1574.0289998
    250.0000000   -209.0000000   1837.1641130
    300.0000000   -209.0000000   1129.7048599
    350.0000000   -209.0000000   3408.6844095
    400.0000000   -209.0000000    779.8741095
    450.0000000   -209.0000000   2453.8489223
    500.0000000   -209.0000000   1872.8830709
    550.0000000   -209.0000000    340.9337536
    600.0000000   -209.0000000   1062.6229189
    650.0000000   -209.0000000   1375.9876051
    700.0000000   -209.0000000    532.2665311
    750.0000000   -209.0000000    280.9093776
    800.0000000   -209.0000000    190.7096234
    850.0000000   -209.0000000    327.3644063
    900.0000000   -209.0000000    840.2222341
    950.0000000   -209.0000000   2936.5521972
   1000.0000000   -209.0000000   1506.1002370
   1050.0000000   -209.0000000    450.2231708
   1100.0000000   -209.0000000    404.8964789
   1150.0000000   -209.0000000    348.8367361
   1200.0000000   -209.0000000    961.3023341
   1250.0000000   -209.0000000   1928.4671226
   1300.0000000   -209.0000000   1925.8904499
   1350.0000000   -209.0000000   3095.3303070
   1400.0000000   -209.0000000   1702.1822203
   1450.0000000   -209.0000000   1133.0585392
   1500.0000000   -209.0000000   3854.7066151
   1550.0000000   -209.0000000   8390.0393942
   1600.0000000   -209.0000000   5202.6315830
   1650.0000000   -209.0000000  13536.6437644
   1700.0000000   -209.0000000  14839.3883309
   1750.0000000   -209.0000000   3055.1046002
   1800.0000000   -209.0000000   5982.6004596
   1850.0000000   -209.0000000   1076.2245084
   1900.0000000   -209.0000000    382.3880909
   1950.0000000   -209.0000000    128.9264654
   2000.0000000   -209.0000000    150.6335049
   2050.0000000   -209.0000000    126.3284576
   2100.0000000   -209.0000000   2188.6241599
   2150.0000000   -209.0000000   1993.8630804
   2200.0000000   -209.0000000   3794.0839684
   2250.0000000   -209.0000000   6017.5707645
   2300.0000000   -209.0000000   7709.1227666
      0.0000000   -249.0000000   9250.0151780
     50.0000000   -249.0000000   4280.0086280
    100.0000000   -249.0000000   1948.0002533
    150.0000000   -249.0000000    753.5359905
    200.0000000   -249.0000000   1574.0289998
    250.0000000   -249.0000000   1837.1641130
    300.0000000   -249.0000000   2715.1448270
    350.0000000   -249.0000000   3408.6844095
    400.0000000   -249.0000000   2502.3093576
    450.0000000   -249.0000000   2453.8489223
    500.0000000   -249.0000000   1872.8830709
    550.0000000   -249.0000000   3341.5269342
    600.0000000   -249.0000000   1062.6229189
    650.0000000   -249.0000000   1375.9876051
    700.0000000   -249.0000000    532.2665311
    750.0000000   -249.0000000    280.9093776
    800.0000000   -249.0000000    190.7096234
    850.0000000   -249.0000000    327.3644063
    900.0000000   -249.0000000    840.2222341
    950.0000000   -249.0000000   2936.5521972
   1000.0000000   -249.0000000   1506.1002370
   1050.0000000   -249.0000000    450.2231708
   1100.0000000   -249.0000000    306.1106096
   1150.0000000   -249.0000000    737.9569037
   1200.0000000   -249.0000000    961.3023341
   1250.0000000   -249.0000000   1928.4671226
   1300.0000000   -249.0000000   1925.8904499
   1350.0000000   -249.0000000   1630.8291311
   1400.0000000   -249.0000000   2784.9794826
   1450.0000000   -249.0000000   3274.7337821
   1500.0000000   -249.0000000   5962.6868287
   1550.0000000   -249.0000000   3859.2788264
   1600.0000000   -249.0000000  11044.9308198
   1650.0000000   -249.0000000   5877.0216168
   1700.0000000   -249.0000000   5914.4760436
   1750.0000000   -249.0000000  11011.7413022
   1800.0000000   -249.0000000   2929.8721593
   1850.0000000   -249.0000000   3518.8276834
   1900.0000000   -249.0000000   1096.6776683
   1950.0000000   -249.0000000    611.4472555
   2000.0000000   -249.0000000    241.2737087
   2050.0000000   -249.0000000    151.5643286
   2100.0000000   -249.0000000   2188.6241599
   2150.0000000   -249.0000000   1993.8630804
   2200.0000000   -249.0000000   3794.0839684
   2250.0000000   -249.0000000   6017.5707645
   2300.0000000   -249.0000000   7709.1227666
      0.0000000   -289.0000000   9250.0151780
     50.0000000   -289.0000000   4280.0086280
    100.0000000   -289.0000000   1948.0002533
    150.0000000   -289.0000000    735.5844357
    200.0000000   -289.0000000   1574.0289998
    250.0000000   -289.0000000   1837.1641130
    300.0000000   -289.0000000   2126.2748885
    350.0000000   -289.0000000   3408.6844095
    400.0000000   -289.0000000   2203.2561692
    450.0000000   -289.0000000   2453.8489223
    500.0000000   -289.0000000   1872.8830709
    550.0000000   -289.0000000   3341.5269342
    600.0000000   -289.0000000    331.1090110
    650.0000000   -289.0000000    305.9616540
    700.0000000   -289.0000000    269.8248846
    750.0000000   -289.0000000    195.5014577
    800.0000000   -289.0000000    175.6665209
    850.0000000   -289.0000000    203.0495353
    900.0000000   -289.0000000    840.2222341
    950.0000000   -289.0000000   2936.5521972
   1000.0000000   -289.0000000   1506.1002370
   1050.0000000   -289.0000000    450.2231708
   1100.0000000   -289.0000000    306.1106096
   1150.0000000   -289.0000000    449.1841765
   1200.0000000   -289.0000000    961.3023341
   1250.0000000   -289.0000000   1928.4671226
   1300.0000000   -289.0000000   1925.8904499
   1350.0000000   -289.0000000   1630.8291311
   1400.0000000   -289.0000000   1237.2483847
   1450.0000000   -289.0000000   1679.6316642
   1500.0000000   -289.0000000   2497.0297245
   1550.0000000   -289.0000000   3859.2788264
   1600.0000000   -289.0000000   4284.9212808
   1650.0000000   -289.0000000   5877.0216168
   1700.0000000   -289.0000000   5914.4760436
   1750.0000000   -289.0000000   3907.8303380
   1800.0000000   -289.0000000   2929.8721593
   1850.0000000   -289.0000000   1576.0323925
   1900.0000000   -289.0000000    626.6858327
   1950.0000000   -289.0000000    365.7398370
   2000.0000000   -289.0000000    190.5899793
   2050.0000000   -289.0000000    133.2889050
   2100.0000000   -289.0000000   2188.6241599
   2150.0000000   -289.0000000   1993.8630804
   2200.0000000   -289.0000000   3794.0839684
   2250.0000000   -289.0000000   6017.5707645
   2300.0000000   -289.0000000   7709.1227666
      0.0000000   -339.0000000   9250.0151780
     50.0000000   -339.0000000   4280.0086280
    100.0000000   -339.0000000   1948.0002533
    150.0000000   -339.0000000    722.3189355
    200.0000000   -339.0000000   1574.0289998
    250.0000000   -339.0000000   1837.1641130
    300.0000000   -339.0000000   2126.2748885
    350.0000000   -339.0000000   3408.6844095
    400.0000000   -339.0000000   2203.2561692
    450.0000000   -339.0000000   2453.8489223
    500.0000000   -339.0000000   1872.8830709
    550.0000000   -339.0000000   3341.5269342
    600.0000000   -339.0000000   4363.1175076
    650.0000000   -339.0000000   5006.8463045
    700.0000000   -339.0000000   5015.1553252
    750.0000000   -339.0000000   5723.5416736
    800.0000000   -339.0000000   6329.8851322
    850.0000000   -339.0000000   6683.7066904
    900.0000000   -339.0000000    208.6935372
    950.0000000   -339.0000000    205.2867882
   1000.0000000   -339.0000000    200.8436013
   1050.0000000   -339.0000000    183.1761809
   1100.0000000   -339.0000000    176.6704845
   1150.0000000   -339.0000000    204.1907198
   1200.0000000   -339.0000000    961.3023341
   1250.0000000   -339.0000000   1928.4671226
   1300.0000000   -339.0000000   1925.8904499
   1350.0000000   -339.0000000   1630.8291311
   1400.0000000   -339.0000000   1237.2483847
   1450.0000000   -339.0000000   1679.6316642
   1500.0000000   -339.0000000   2497.0297245
   1550.0000000   -339.0000000   3859.2788264
   1600.0000000   -339.0000000   4284.9212808
   1650.0000000   -339.0000000   5877.0216168
   1700.0000000   -339.0000000   5914.4760436
   1750.0000000   -339.0000000   3907.8303380
   1800.0000000   -339.0000000   2929.8721593
   1850.0000000   -339.0000000   1576.0323925
   1900.0000000   -339.0000000    626.6858327
   1950.0000000   -339.0000000    365.7398370
   2000.0000000   -339.0000000    143.6772477
   2050.0000000   -339.0000000   1740.8059025
   2100.0000000   -339.0000000   2188.6241599
   2150.0000000   -339.0000000   1993.8630804
   2200.0000000   -339.0000000   3794.0839684
   2250.0000000   -339.0000000   6017.5707645
   2300.0000000   -339.0000000   7709.1227666
      0.0000000   -399.0000000   9250.0151780
     50.0000000   -399.0000000   4280.0086280
    100.0000000   -399.0000000    784.3393429
    150.0000000   -399.0000000   4054.1627877
    200.0000000   -399.0000000   1574.0289998
    250.0000000   -399.0000000   1837.1641130
    300.0000000   -399.0000000   2126.2748885
    350.0000000   -399.0000000   3408.6844095
    400.0000000   -399.0000000   2203.2561692
    450.0000000   -399.0000000   2453.8489223
    500.0000000   -399.0000000   1872.8830709
    550.0000000   -399.0000000   3341.5269342
    600.0000000   -399.0000000   4363.1175076
    650.0000000   -399.0000000   5006.8463045
    700.0000000   -399.0000000   5015.1553252
    750.0000000   -399.0000000   5723.5416736
    800.0000000   -399.0000000   6329.8851322
    850.0000000   -399.0000000   6683.7066904
    900.0000000   -399.0000000   7381.5018088
    950.0000000   -399.0000000   7145.7183033
   1000.0000000   -399.0000000   6496.5748728
   1050.0000000   -399.0000000   5375.5328182
   1100.0000000   -399.0000000   5341.3740809
   1150.0000000   -399.0000000   4205.5325710
   1200.0000000   -399.0000000    204.8971888
   1250.0000000   -399.0000000    230.5531180
   1300.0000000   -399.0000000   1925.8904499
   1350.0000000   -399.0000000   1630.8291311
   1400.0000000   -399.0000000   1237.2483847
   1450.0000000   -399.0000000   1679.6316642
   1500.0000000   -399.0000000   2497.0297245
   1550.0000000   -399.0000000   3859.2788264
   1600.0000000   -399.0000000   4284.9212808
   1650.0000000   -399.0000000   5877.0216168
   1700.0000000   -399.0000000   5914.4760436
   1750.0000000   -399.0000000   3907.8303380
   1800.0000000   -399.0000000   2929.8721593
   1850.0000000   -399.0000000   1576.0323925
   1900.0000000   -399.0000000    626.6858327
   1950.0000000   -399.0000000    365.7398370
   2000.0000000   -399.0000000   1256.5366197
   2050.0000000   -399.0000000   1740.8059025
   2100.0000000   -399.0000000   2188.6241599
   2150.0000000   -399.0000000   1993.8630804
   2200.0000000   -399.0000000   3794.0839684
   2250.0000000   -399.0000000   6017.5707645
   2300.0000000   -399.0000000   7709.1227666
      0.0000000   -459.0000000    536.0718471
     50.0000000   -459.0000000    700.2320745
    100.0000000   -459.0000000   5743.8525980
    150.0000000   -459.0000000   4054.1627877
    200.0000000   -459.0000000   1574.0289998
    250.0000000   -459.0000000   1837.1641130
    300.0000000   -459.0000000   1779.3771121
    350.0000000   -459.0000000   2037.0796018
    400.0000000   -459.0000000   1962.8992090
    450.0000000   -459.0000000   2453.8489223
    500.0000000   -459.0000000   1872.8830709
    550.0000000   -459.0000000   3341.5269342
    600.0000000   -459.0000000   4363.1175076
    650.0000000   -459.0000000   5006.8463045
    700.0000000   -459.0000000   5015.1553252
    750.0000000   -459.0000000   5723.5416736
    800.0000000   -459.0000000   6329.8851322
    850.0000000   -459.0000000   6683.7066904
    900.0000000   -459.0000000   7381.5018088
    950.0000000   -459.0000000   7145.7183033
   1000.0000000   -459.0000000   6496.5748728
   1050.0000000   -459.0000000   5375.5328182
   1100.0000000   -459.0000000   5341.3740809
   1150.0000000   -459.0000000   4205.5325710
   1200.0000000   -459.0000000   3473.8144038
   1250.0000000   -459.0000000   2491.4300565
   1300.0000000   -459.0000000    261.2010991
   1350.0000000   -459.0000000    267.0613254
   1400.0000000   -459.0000000   1237.2483847
   1450.0000000   -459.0000000   1679.6316642
   1500.0000000   -459.0000000   2497.0297245
   1550.0000000   -459.0000000   3859.2788264
   1600.0000000   -459.0000000   4284.9212808
   1650.0000000   -459.0000000   5877.0216168
   1700.0000000   -459.0000000   5914.4760436
   1750.0000000   -459.0000000   3907.8303380
   1800.0000000   -459.0000000   2929.8721593
   1850.0000000   -459.0000000   1576.0323925
   1900.0000000   -459.0000000    178.8850308
   1950.0000000   -459.0000000    165.6288552
   2000.0000000   -459.0000000   1256.5366197
   2050.0000000   -459.0000000   1740.8059025
   2100.0000000   -459.0000000   2188.6241599
   2150.0000000   -459.0000000   1993.8630804
   2200.0000000   -459.0000000   3794.0839684
   2250.0000000   -459.0000000   6017.5707645
   2300.0000000   -459.0000000   7709.1227666
      0.0000000   -529.0000000  10622.7100414
     50.0000000   -529.0000000  10646.1615024
    100.0000000   -529.0000000   5743.8525980
    150.0000000   -529.0000000   4054.1627877
    200.0000000   -529.0000000   1574.0289998
    250.0000000   -529.0000000   1837.1641130
    300.0000000   -529.0000000   4520.5547926
    350.0000000   -529.0000000   4675.7719849
    400.0000000   -529.0000000   4871.1431758
    450.0000000   -529.0000000   2453.8489223
    500.0000000   -529.0000000   1872.8830709
    550.0000000   -529.0000000   3341.5269342
    600.0000000   -529.0000000   4363.1175076
    650.0000000   -529.0000000   5006.8463045
    700.0000000   -529.0000000   5015.1553252
    750.0000000   -529.0000000   5723.5416736
    800.0000000   -529.0000000   6329.8851322
    850.0000000   -529.0000000   6683.7066904
    900.0000000   -529.0000000   7381.5018088
    950.0000000   -529.0000000   7145.7183033
   1000.0000000   -529.0000000   6496.5748728
   1050.0000000   -529.0000000   5375.5328182
   1100.0000000   -529.0000000   5341.3740809
   1150.0000000   -529.0000000   4205.5325710
   1200.0000000   -529.0000000   3473.8144038
   1250.0000000   -529.0000000   2491.4300565
   1300.0000000   -529.0000000   2800.9020239
   1350.0000000   -529.0000000   2013.7451890
   1400.0000000   -529.0000000    281.0852134
   1450.0000000   -529.0000000    257.3173084
   1500.0000000   -529.0000000   2497.0297245
   1550.0000000   -529.0000000   3859.2788264
   1600.0000000   -529.0000000   4284.9212808
   1650.0000000   -529.0000000   5877.0216168
   1700.0000000   -529.0000000   5914.4760436
   1750.0000000   -529.0000000   3907.8303380
   1800.0000000   -529.0000000    223.1618741
   1850.0000000   -529.0000000    203.7600319
   1900.0000000   -529.0000000   1121.8753780
   1950.0000000   -529.0000000   1123.8590436
   2000.0000000   -529.0000000   1256.5366197
   2050.0000000   -529.0000000   1740.8059025
   2100.0000000   -529.0000000   2188.6241599
   2150.0000000   -529.0000000   1993.8630804
   2200.0000000   -529.0000000   3794.0839684
   2250.0000000   -529.0000000   6017.5707645
   2300.0000000   -529.0000000   7709.1227666
      0.0000000   -609.0000000  10622.7100414
     50.0000000   -609.0000000  10646.1615024
    100.0000000   -609.0000000   5743.8525980
    150.0000000   -609.0000000   4054.1627877
    200.0000000   -609.0000000   1574.0289998
    250.0000000   -609.0000000   1837.1641130
    300.0000000   -609.0000000   4520.5547926
    350.0000000   -609.0000000   4675.7719849
    400.0000000   -609.0000000   4871.1431758
    450.0000000   -609.0000000   2453.8489223
    500.0000000   -609.0000000   1872.8830709
    550.0000000   -609.0000000   3341.5269342
    600.0000000   -609.0000000   4363.1175076
    650.0000000   -609.0000000   5006.8463045
    700.0000000   -609.0000000   5015.1553252
    750.0000000   -609.0000000   5723.5416736
    800.0000000   -609.0000000   6329.8851322
    850.0000000   -609.0000000   6683.7066904
    900.0000000   -609.0000000   7381.5018088
    950.0000000   -609.0000000   7145.7183033
   1000.0000000   -609.0000000   6496.5748728
   1050.0000000   -609.0000000   5375.5328182
   1100.0000000   -609.0000000   5341.3740809
   1150.0000000   -609.0000000   4205.5325710
   1200.0000000   -609.0000000   3473.8144038
   1250.0000000   -609.0000000   2491.4300565
   1300.0000000   -609.0000000   2800.9020239
   1350.0000000   -609.0000000   2013.7451890
   1400.0000000   -609.0000000   1703.7037334
   1450.0000000   -609.0000000   1317.9499726
   1500.0000000   -609.0000000    274.9400454
   1550.0000000   -609.0000000    274.9400454
   1600.0000000   -609.0000000    254.7334632
   1650.0000000   -609.0000000    246.3031692
   1700.0000000   -609.0000000    245.0089787
   1750.0000000   -609.0000000    245.0089787
   1800.0000000   -609.0000000    901.5345841
   1850.0000000   -609.0000000   1024.7661574
   1900.0000000   -609.0000000   1121.8753780
   1950.0000000   -609.0000000   1123.8590436
   2000.0000000   -609.0000000   1256.5366197
   2050.0000000   -609.0000000   1740.8059025
   2100.0000000   -609.0000000   2188.6241599
   2150.0000000   -609.0000000   1993.8630804
   2200.0000000   -609.0000000   3794.0839684
   2250.0000000   -609.0000000   6017.5707645
   2300.0000000   -609.0000000   7709.1227666
      0.0000000   -699.0000000  10622.7100414
     50.0000000   -699.0000000  10646.1615024
    100.0000000   -699.0000000   5743.8525980
    150.0000000   -699.0000000   4054.1627877
    200.0000000   -699.0000000   1574.0289998
    250.0000000   -699.0000000   1837.1641130
    300.0000000   -699.0000000   4520.5547926
    350.0000000   -699.0000000   4675.7719849
    400.0000000   -699.0000000   4871.1431758
    450.0000000   -699.0000000   2453.8489223
    500.0000000   -699.0000000   1872.8830709
    550.0000000   -699.0000000   3341.5269342
    600.0000000   -699.0000000   4363.1175076
    650.0000000   -699.0000000   5006.8463045
    700.0000000   -699.0000000   5015.1553252
    750.0000000   -699.0000000   5723.5416736
    800.0000000   -699.0000000   6329.8851322
    850.0000000   -699.0000000   6683.7066904
    900.0000000   -699.0000000   7381.5018088
    950.0000000   -699.0000000   7145.7183033
   1000.0000000   -699.0000000   6496.5748728
   1050.0000000   -699.0000000   5375.5328182
   1100.0000000   -699.0000000   5341.3740809
   1150.0000000   -699.0000000   4205.5325710
   1200.0000000   -699.0000000   3473.8144038
   1250.0000000   -699.0000000   2491.4300565
   1300.0000000   -699.0000000   2800.9020239
   1350.0000000   -699.0000000   2013.7451890
   1400.0000000   -699.0000000   1703.7037334
   1450.0000000   -699.0000000   1317.9499726
   1500.0000000   -699.0000000   1244.2189291
   1550.0000000   -699.0000000   1244.2189291
   1600.0000000   -699.0000000   1077.8097111
   1650.0000000   -699.0000000    996.4476953
   1700.0000000   -699.0000000    979.6934142
   1750.0000000   -699.0000000    979.6934142
   1800.0000000   -699.0000000    901.5345841
   1850.0000000   -699.0000000   1024.7661574
   1900.0000000   -699.0000000   1121.8753780
   1950.0000000   -699.0000000   1123.8590436
   2000.0000000   -699.0000000   1256.5366197
   2050.0000000   -699.0000000   1740.8059025
   2100.0000000   -699.0000000   2188.6241599
   2150.0000000   -699.0000000   1993.8630804
   2200.0000000   -699.0000000   3794.0839684
   2250.0000000   -699.0000000   6017.5707645
   2300.0000000   -699.0000000   7709.1227666
      0.0000000   -799.0000000  10622.7100414
     50.0000000   -799.0000000  10646.1615024
    100.0000000   -799.0000000   5743.8525980
    150.0000000   -799.0000000   4054.1627877
    200.0000000   -799.0000000   1574.0289998
    250.0000000   -799.0000000   1837.1641130
    300.0000000   -799.0000000   4520.5547926
    350.0000000   -799.0000000   4675.7719849
    400.0000000   -799.0000000   4871.1431758
    450.0000000   -799.0000000   2453.8489223
    500.0000000   -799.0000000   1872.8830709
    550.0000000   -799.0000000   3341.5269342
    600.0000000   -799.0000000   4363.1175076
    650.0000000   -799.0000000   5006.8463045
    700.0000000   -799.0000000   5015.1553252
    750.0000000   -799.0000000   5723.5416736
    800.0000000   -799.0000000   6329.8851322
    850.0000000   -799.0000000   6683.7066904
    900.0000000   -799.0000000   7381.5018088
    950.0000000   -799.0000000   7145.7183033
   1000.0000000   -799.0000000   6496.5748728
   1050.0000000   -799.0000000   5375.5328182
   1100.0000000   -799.0000000   5341.3740809
   1150.0000000   -799.0000000   4205.5325710
   1200.0000000   -799.0000000   3473.8144038
   1250.0000000   -799.0000000   2491.4300565
   1300.0000000   -799.0000000   2800.9020239
   1350.0000000   -799.0000000   2013.7451890
   1400.0000000   -799.0000000   1703.7037334
   1450.0000000   -799.0000000   1317.9499726
   1500.0000000   -799.0000000   1244.2189291
   1550.0000000   -799.0000000   1244.2189291
   1600.0000000   -799.0000000   1077.8097111
   1650.0000000   -799.0000000    996.4476953
   1700.0000000   -799.0000000    979.6934142
   1750.0000000   -799.0000000    979.6934142
   1800.0000000   -799.0000000    901.5345841
   1850.0000000   -799.0000000   1024.7661574
   1900.0000000   -799.0000000   1121.8753780
   1950.0000000   -799.0000000   1123.8590436
   2000.0000000   -799.0000000   1256.5366197
   2050.0000000   -799.0000000   1740.8059025
   2100.0000000   -799.0000000   2188.6241599
   2150.0000000   -799.0000000   1993.8630804
   2200.0000000   -799.0000000   3794.0839684
   2250.0000000   -799.0000000   6017.5707645
   2300.0000000   -799.0000000   7709.1227666
      0.0000000   -899.0000000  10622.7100414
     50.0000000   -899.0000000  10646.1615024
    100.0000000   -899.0000000   5743.8525980
    150.0000000   -899.0000000   4054.1627877
    200.0000000   -899.0000000   1574.0289998
    250.0000000   -899.0000000   1837.1641130
    300.0000000   -899.0000000   4520.5547926
    350.0000000   -899.0000000   4675.7719849
    400.0000000   -899.0000000   4871.1431758
    450.0000000   -899.0000000   2453.8489223
    500.0000000   -899.0000000   1872.8830709
    550.0000000   -899.0000000   3341.5269342
    600.0000000   -899.0000000   4363.1175076
    650.0000000   -899.0000000   5006.8463045
    700.0000000   -899.0000000   5015.1553252
    750.0000000   -899.0000000   5723.5416736
    800.0000000   -899.0000000   6329.8851322
    850.0000000   -899.0000000   6683.7066904
    900.0000000   -899.0000000   7381.5018088
    950.0000000   -899.0000000   7145.7183033
   1000.0000000   -899.0000000   6496.5748728
   1050.0000000   -899.0000000   5375.5328182
   1100.0000000   -899.0000000   5341.3740809
   1150.0000000   -899.0000000   4205.5325710
   1200.0000000   -899.0000000   3473.8144038
   1250.0000000   -899.0000000   2491.4300565
   1300.0000000   -899.0000000   2800.9020239
   1350.0000000   -899.0000000   2013.7451890
   1400.0000000   -899.0000000   1703.7037334
   1450.0000000   -899.0000000   1317.9499726
   1500.0000000   -899.0000000   1244.2189291
   1550.0000000   -899.0000000   1244.2189291
   1600.0000000   -899.0000000   1077.8097111
   1650.0000000   -899.0000000    996.4476953
   1700.0000000   -899.0000000    979.6934142
   1750.0000000   -899.0000000    979.6934142
   1800.0000000   -899.0000000    901.5345841
   1850.0000000   -899.0000000   1024.7661574
   1900.0000000   -899.0000000   1121.8753780
   1950.0000000   -899.0000000   1123.8590436
   2000.0000000   -899.0000000   1256.5366197
   2050.0000000   -899.0000000   1740.8059025
   2100.0000000   -899.0000000   2188.6241599
   2150.0000000   -899.0000000   1993.8630804
   2200.0000000   -899.0000000   3794.0839684
   2250.0000000   -899.0000000   6017.5707645
   2300.0000000   -899.0000000   7709.1227666
      0.0000000   -999.0000000  38624.6004570
     50.0000000   -999.0000000  38624.6004570
    100.0000000   -999.0000000  17853.7315334
    150.0000000   -999.0000000  11851.4366662
    200.0000000   -999.0000000   9424.7751957
    250.0000000   -999.0000000   9424.7751957
    300.0000000   -999.0000000   8619.1214441
    350.0000000   -999.0000000   8555.8468090
    400.0000000   -999.0000000   8991.2484823
    450.0000000   -999.0000000   9747.5618602
    500.0000000   -999.0000000   9747.5618602
    550.0000000   -999.0000000  10820.1180737
    600.0000000   -999.0000000  12269.6450739
    650.0000000   -999.0000000  14322.9013269
    700.0000000   -999.0000000  14322.9013269
    750.0000000   -999.0000000  16320.8209381
    800.0000000   -999.0000000  18050.8642438
    850.0000000   -999.0000000  19122.9988977
    900.0000000   -999.0000000  19122.9988977
    950.0000000   -999.0000000  18938.2567465
   1000.0000000   -999.0000000  17537.0685670
   1050.0000000   -999.0000000  14329.2348290
   1100.0000000   -999.0000000  14329.2348290
   1150.0000000   -999.0000000  11810.9545964
   1200.0000000   -999.0000000   8893.5059509
   1250.0000000   -999.0000000   6497.4358448
   1300.0000000   -999.0000000   6497.4358448
   1350.0000000   -999.0000000   4736.8321964
   1400.0000000   -999.0000000   3537.8954930
   1450.0000000   -999.0000000   2745.1684567
   1500.0000000   -999.0000000   2237.8810563
   1550.0000000   -999.0000000   2237.8810563
   1600.0000000   -999.0000000   1928.6170418
   1650.0000000   -999.0000000   1766.1598185
   1700.0000000   -999.0000000   1715.2048656
   1750.0000000   -999.0000000   1715.2048656
   1800.0000000   -999.0000000   1794.7088318
   1850.0000000   -999.0000000   2026.4691657
   1900.0000000   -999.0000000   2496.6634302
   1950.0000000   -999.0000000   2496.6634302
   2000.0000000   -999.0000000   3407.9718593
   2050.0000000   -999.0000000   5206.2497752
   2100.0000000   -999.0000000   9078.9787583
   2150.0000000   -999.0000000   9078.9787583
   2200.0000000   -999.0000000  18765.6667655
   2250.0000000   -999.0000000  49059.2607784
   2300.0000000   -999.0000000  49059.2607784
