FORMAT:           OCCAM2MTDATA_1.0
TITLE:            MTpy-OccamDatafile, Profile=124.1 deg, Strike=34.0 deg
SITES:            47
   S00
   S01
   S02
   S03
   S04
   S05
   S06
   S07
   S08
   S09
   S10
   S11
   S12
   S13
   S14
   S15
   S16
   S17
   S18
   S19
   S20
   S21
   S22
   S23
   S24
   S25
   S26
   S27
   S28
   S29
   S30
   S31
   S32
   S33
   S34
   S35
   S36
   S37
   S38
   S39
   S40
   S41
   S42
   S43
   S44
   S45
   S46
OFFSETS (M):      
   0.0
   63.3
   103.5
   166.8
   207.0
   247.2
   310.5
   350.7
   414.0
   454.2
   500.4
   540.6
   603.9
   644.1
   707.4
   747.6
   810.9
   851.1
   914.4
   954.6
   994.8
   1064.1
   1104.3
   1144.5
   1207.8
   1248.0
   1311.3
   1351.5
   1414.8
   1455.0
   1501.2
   1541.4
   1604.7
   1644.9
   1708.2
   1748.4
   1811.7
   1852.0
   1915.3
   1955.5
   1995.7
   2041.8
   2082.1
   2145.4
   2208.7
   2248.9
   2312.2
FREQUENCIES:      17
   1.000000e+01
   1.539927e+01
   2.371374e+01
   3.651741e+01
   5.623413e+01
   8.659643e+01
   1.333521e+02
   2.053525e+02
   3.162278e+02
   4.869675e+02
   7.498942e+02
   1.154782e+03
   1.778279e+03
   2.738420e+03
   4.216965e+03
   6.493816e+03
   1.000000e+04
DATA BLOCKS:      1391
SITE  FREQ  TYPE   DATUM    ERROR   
  1     1     5      4.8243   6.5578
  1     1     6      8.5195   8.5500
  1     2     5      4.7051   6.5578
  1     2     6     12.4950   8.5500
  1     3     5      4.6008   6.5578
  1     3     6     13.9479   8.5500
  1     4     5      4.5060   6.5578
  1     4     6     14.0827   8.5500
  1     5     5      4.3937   6.5578
  1     5     6     10.8381   8.5500
  1     6     5      4.2457   6.5578
  1     6     6      7.1222   8.5500
  1     7     5      4.0783   6.5578
  1     7     6      2.4676   8.5500
  1     8     5      3.8443   6.5578
  1     8     6      0.9971   8.5500
  1     9     5      3.6414   6.5578
  1     9     6      3.0246   8.5500
  1     10    5      3.5162   6.5578
  1     10    6     11.1695   8.5500
  1     11    5      3.4963   6.5578
  1     11    6     15.8987   8.5500
  1     12    5      3.4290   6.5578
  1     12    6     13.8397   8.5500
  1     13    5      3.1800   6.5578
  1     14    5      2.9950   6.5578
  1     15    5      2.7482   6.5578
  1     16    5      2.4748   6.5578
  2     1     5      4.8493   6.5578
  2     1     6      9.2239   8.5500
  2     2     5      4.7315   6.5578
  2     2     6     13.4684   8.5500
  2     3     5      4.6311   6.5578
  2     3     6     14.8468   8.5500
  2     4     5      4.5398   6.5578
  2     4     6     14.9944   8.5500
  2     5     5      4.4271   6.5578
  2     5     6     12.1924   8.5500
  2     6     5      4.2805   6.5578
  2     6     6      9.0738   8.5500
  2     7     5      4.1158   6.5578
  2     7     6      5.2923   8.5500
  2     8     5      3.8955   6.5578
  2     8     6      4.9018   8.5500
  2     9     5      3.7053   6.5578
  2     9     6      8.8395   8.5500
  2     10    5      3.5957   6.5578
  2     10    6     19.5488   8.5500
  2     11    5      3.6038   6.5578
  2     11    6     28.6205   8.5500
  2     12    5      3.5967   6.5578
  2     12    6     28.6550   8.5500
  2     13    5      3.5097   6.5578
  2     13    6      3.5524   8.5500
  2     14    5      3.4036   6.5578
  2     14    6      0.7575   8.5500
  2     15    5      3.2454   6.5578
  2     15    6     11.0977   8.5500
  2     16    5      3.1063   6.5578
  3     1     5      4.7794   6.5578
  3     1     6      7.1860   8.5500
  3     2     5      4.6687   6.5578
  3     2     6      6.5084   8.5500
  3     3     5      4.5217   6.5578
  3     3     6      8.4195   8.5500
  3     4     5      4.3852   6.5578
  3     4     6     10.0800   8.5500
  3     5     5      4.2664   6.5578
  3     5     6      8.7985   8.5500
  3     6     5      4.0967   6.5578
  3     6     6      7.6486   8.5500
  3     7     5      3.8931   6.5578
  3     7     6      6.6716   8.5500
  3     8     5      3.6936   6.5578
  3     8     6     11.2402   8.5500
  3     9     5      3.5311   6.5578
  3     9     6     17.4240   8.5500
  3     10    5      3.4332   6.5578
  3     10    6     24.6333   8.5500
  3     11    5      3.3596   6.5578
  3     11    6     29.0541   8.5500
  3     12    5      3.3075   6.5578
  3     12    6     26.0771   8.5500
  3     13    5      3.3367   6.5578
  3     13    6      3.6494   8.5500
  3     14    5      3.2449   6.5578
  3     15    5      3.0344   6.5578
  3     15    6      3.2698   8.5500
  3     16    5      2.7017   6.5578
  4     1     5      4.4394   6.5578
  4     1     6     11.0326   8.5500
  4     2     5      4.3071   6.5578
  4     2     6     14.3557   8.5500
  4     3     5      4.2299   6.5578
  4     3     6     15.0236   8.5500
  4     4     5      4.1575   6.5578
  4     4     6     14.5281   8.5500
  4     5     5      4.0349   6.5578
  4     5     6     11.4183   8.5500
  4     6     5      3.8931   6.5578
  4     6     6      9.6505   8.5500
  4     7     5      3.7392   6.5578
  4     7     6      8.8242   8.5500
  4     8     5      3.5108   6.5578
  4     8     6     13.0238   8.5500
  4     9     5      3.3177   6.5578
  4     9     6     20.2194   8.5500
  4     10    5      3.2062   6.5578
  4     10    6     30.4140   8.5500
  4     11    5      3.1806   6.5578
  4     11    6     38.4147   8.5500
  4     12    5      3.2096   6.5578
  4     12    6     37.3317   8.5500
  4     13    5      3.3435   6.5578
  4     13    6     17.2168   8.5500
  4     14    5      3.2983   6.5578
  4     14    6     12.5526   8.5500
  4     15    5      3.1357   6.5578
  4     15    6     12.8274   8.5500
  4     16    5      2.8659   6.5578
  4     16    6      0.5778   8.5500
  5     1     5      4.7070   6.5578
  5     1     6      7.9523   8.5500
  5     2     5      4.5618   6.5578
  5     2     6     12.1573   8.5500
  5     3     5      4.4656   6.5578
  5     3     6     13.6067   8.5500
  5     4     5      4.3814   6.5578
  5     4     6     13.9012   8.5500
  5     5     5      4.2718   6.5578
  5     5     6     11.5344   8.5500
  5     6     5      4.1371   6.5578
  5     6     6      9.2973   8.5500
  5     7     5      3.9888   6.5578
  5     7     6      6.8164   8.5500
  5     8     5      3.7585   6.5578
  5     8     6      5.6210   8.5500
  5     9     5      3.4986   6.5578
  5     9     6      9.2219   8.5500
  5     10    5      3.2214   6.5578
  5     10    6     24.1901   8.5500
  5     11    5      3.2655   6.5578
  5     11    6     38.3427   8.5500
  5     12    5      3.3255   6.5578
  5     12    6     45.1195   8.5500
  5     13    5      3.2030   6.5578
  5     13    6     40.8609   8.5500
  5     14    5      3.2496   6.5578
  5     14    6     53.0245   8.5500
  5     15    5      3.4353   6.5578
  5     15    6     66.4402   8.5500
  5     16    5      3.5309   6.5578
  5     16    6     54.6632   8.5500
  6     1     5      4.4518   6.5578
  6     1     6      8.2392   8.5500
  6     2     5      4.3227   6.5578
  6     2     6     10.1071   8.5500
  6     3     5      4.2080   6.5578
  6     3     6     11.9089   8.5500
  6     4     5      4.1050   6.5578
  6     4     6     12.9147   8.5500
  6     5     5      3.9911   6.5578
  6     5     6     10.9850   8.5500
  6     6     5      3.8423   6.5578
  6     6     6      9.4147   8.5500
  6     7     5      3.6737   6.5578
  6     7     6      7.9923   8.5500
  6     8     5      3.4728   6.5578
  6     8     6     10.0922   8.5500
  6     9     5      3.2655   6.5578
  6     9     6     15.8735   8.5500
  6     10    5      3.0737   6.5578
  6     10    6     28.2387   8.5500
  6     11    5      3.0509   6.5578
  6     11    6     40.1443   8.5500
  6     12    5      3.0812   6.5578
  6     12    6     42.9013   8.5500
  6     13    5      3.1296   6.5578
  6     13    6     25.0752   8.5500
  6     14    5      3.0936   6.5578
  6     14    6     31.3455   8.5500
  6     15    5      3.0787   6.5578
  6     15    6     48.8335   8.5500
  6     16    5      3.0732   6.5578
  6     16    6     43.1861   8.5500
  7     1     5      4.9070   6.5578
  7     1     6      5.5882   8.5500
  7     2     5      4.7685   6.5578
  7     2     6      8.0073   8.5500
  7     3     5      4.6360   6.5578
  7     3     6      9.9621   8.5500
  7     4     5      4.5188   6.5578
  7     4     6     11.2160   8.5500
  7     5     5      4.4109   6.5578
  7     5     6      9.7024   8.5500
  7     6     5      4.2664   6.5578
  7     6     6      7.3459   8.5500
  7     7     5      4.1034   6.5578
  7     7     6      3.9733   8.5500
  7     8     5      3.9004   6.5578
  7     8     6      1.8074   8.5500
  7     9     5      3.6582   6.5578
  7     9     6      3.3347   8.5500
  7     10    5      3.3505   6.5578
  7     10    6     13.9319   8.5500
  7     11    5      3.3868   6.5578
  7     11    6     23.6775   8.5500
  7     12    5      3.3900   6.5578
  7     12    6     23.4415   8.5500
  7     13    5      3.1744   6.5578
  7     14    5      3.0517   6.5578
  7     15    5      2.9398   6.5578
  7     15    6      6.4995   8.5500
  7     16    5      2.8400   6.5578
  8     1     5      5.1082   6.5578
  8     1     6      8.1278   8.5500
  8     2     5      4.9740   6.5578
  8     2     6     11.0015   8.5500
  8     3     5      4.8714   6.5578
  8     3     6     12.0887   8.5500
  8     4     5      4.7791   6.5578
  8     4     6     12.0545   8.5500
  8     5     5      4.6643   6.5578
  8     5     6      9.0850   8.5500
  8     6     5      4.5188   6.5578
  8     6     6      6.1113   8.5500
  8     7     5      4.3563   6.5578
  8     7     6      2.6534   8.5500
  8     8     5      4.1332   6.5578
  8     8     6      1.4259   8.5500
  8     9     5      3.9011   6.5578
  8     9     6      2.6572   8.5500
  8     10    5      3.6652   6.5578
  8     10    6      9.2404   8.5500
  8     11    5      3.5861   6.5578
  8     11    6     14.3942   8.5500
  8     12    5      3.4983   6.5578
  8     12    6     11.0651   8.5500
  8     13    5      3.3897   6.5578
  8     14    5      3.2042   6.5578
  8     15    5      2.8000   6.5578
  8     16    5      2.5196   6.5578
  9     1     5      5.2413   6.5578
  9     1     6     10.7184   8.5500
  9     2     5      5.1107   6.5578
  9     2     6     13.0580   8.5500
  9     3     5      5.0036   6.5578
  9     3     6     13.5092   8.5500
  9     4     5      4.9062   6.5578
  9     4     6     13.0381   8.5500
  9     5     5      4.7890   6.5578
  9     5     6     10.3933   8.5500
  9     6     5      4.6263   6.5578
  9     6     6      7.2321   8.5500
  9     7     5      4.4358   6.5578
  9     7     6      3.2002   8.5500
  9     8     5      4.2156   6.5578
  9     8     6      4.1905   8.5500
  9     9     5      4.0066   6.5578
  9     9     6      7.7703   8.5500
  9     10    5      3.8359   6.5578
  9     10    6     15.6400   8.5500
  9     11    5      3.8475   6.5578
  9     11    6     24.8575   8.5500
  9     12    5      3.7898   6.5578
  9     12    6     25.3050   8.5500
  9     13    5      3.4376   6.5578
  9     14    5      3.2724   6.5578
  9     15    5      3.0431   6.5578
  9     16    5      2.7728   6.5578
  10    1     5      4.9467   6.5578
  10    1     6     11.9008   8.5500
  10    2     5      4.8214   6.5578
  10    2     6     14.3485   8.5500
  10    3     5      4.7187   6.5578
  10    3     6     14.7576   8.5500
  10    4     5      4.6248   6.5578
  10    4     6     14.2771   8.5500
  10    5     5      4.5075   6.5578
  10    5     6     11.7880   8.5500
  10    6     5      4.3453   6.5578
  10    6     6      9.1164   8.5500
  10    7     5      4.1546   6.5578
  10    7     6      6.0061   8.5500
  10    8     5      3.9339   6.5578
  10    8     6      8.6363   8.5500
  10    9     5      3.7386   6.5578
  10    9     6     14.4088   8.5500
  10    10    5      3.6104   6.5578
  10    10    6     24.3220   8.5500
  10    11    5      3.6511   6.5578
  10    11    6     37.7393   8.5500
  10    12    5      3.6350   6.5578
  10    12    6     39.5084   8.5500
  10    13    5      3.4046   6.5578
  10    13    6      2.1845   8.5500
  10    14    5      3.3321   6.5578
  10    15    5      3.2040   6.5578
  10    16    5      2.9547   6.5578
  11    1     5      4.8331   6.5578
  11    1     6     10.7616   8.5500
  11    2     5      4.6979   6.5578
  11    2     6     14.1478   8.5500
  11    3     5      4.5972   6.5578
  11    3     6     14.8161   8.5500
  11    4     5      4.5055   6.5578
  11    4     6     14.7431   8.5500
  11    5     5      4.3859   6.5578
  11    5     6     13.3125   8.5500
  11    6     5      4.2301   6.5578
  11    6     6     11.5847   8.5500
  11    7     5      4.0531   6.5578
  11    7     6      9.6939   8.5500
  11    8     5      3.8515   6.5578
  11    8     6     13.8909   8.5500
  11    9     5      3.6534   6.5578
  11    9     6     21.8251   8.5500
  11    10    5      3.4899   6.5578
  11    10    6     35.5195   8.5500
  11    11    5      3.5839   6.5578
  11    11    6     57.3445   8.5500
  11    12    5      3.6747   6.5578
  11    12    6     63.6328   8.5500
  11    13    5      3.5540   6.5578
  11    13    6     38.0951   8.5500
  11    14    5      3.6069   6.5578
  11    14    6     43.0023   8.5500
  11    15    5      3.7599   6.5578
  11    15    6     57.5924   8.5500
  11    16    5      3.8696   6.5578
  11    16    6     41.2024   8.5500
  12    1     5      4.4730   6.5578
  12    1     6     10.4197   8.5500
  12    2     5      4.3402   6.5578
  12    2     6     13.6636   8.5500
  12    3     5      4.2357   6.5578
  12    3     6     14.3148   8.5500
  12    4     5      4.1405   6.5578
  12    4     6     14.2897   8.5500
  12    5     5      4.0207   6.5578
  12    5     6     13.0458   8.5500
  12    6     5      3.8613   6.5578
  12    6     6     11.5106   8.5500
  12    7     5      3.6784   6.5578
  12    7     6      9.8166   8.5500
  12    8     5      3.4872   6.5578
  12    8     6     13.8593   8.5500
  12    9     5      3.3036   6.5578
  12    9     6     21.3222   8.5500
  12    10    5      3.1555   6.5578
  12    10    6     33.8239   8.5500
  12    11    5      3.2169   6.5578
  12    11    6     52.7858   8.5500
  12    12    5      3.2722   6.5578
  12    12    6     58.5318   8.5500
  12    13    5      3.1277   6.5578
  12    13    6     33.1006   8.5500
  12    14    5      3.1227   6.5578
  12    14    6     39.7150   8.5500
  12    15    5      3.2509   6.5578
  12    15    6     58.4996   8.5500
  12    16    5      3.4185   6.5578
  12    16    6     44.6648   8.5500
  13    1     5      4.3066   6.5578
  13    1     6      9.5566   8.5500
  13    2     5      4.1721   6.5578
  13    2     6     12.4041   8.5500
  13    3     5      4.0593   6.5578
  13    3     6     13.1161   8.5500
  13    4     5      3.9577   6.5578
  13    4     6     13.1095   8.5500
  13    5     5      3.8424   6.5578
  13    5     6     11.5536   8.5500
  13    6     5      3.6820   6.5578
  13    6     6      9.5115   8.5500
  13    7     5      3.4945   6.5578
  13    7     6      6.9382   8.5500
  13    8     5      3.2963   6.5578
  13    8     6      9.2495   8.5500
  13    9     5      3.1124   6.5578
  13    9     6     14.1374   8.5500
  13    10    5      2.9670   6.5578
  13    10    6     22.7704   8.5500
  13    11    5      2.9969   6.5578
  13    11    6     34.6458   8.5500
  13    12    5      2.9696   6.5578
  13    12    6     36.4146   8.5500
  13    13    5      2.6897   6.5578
  13    13    6      2.0544   8.5500
  13    14    5      2.5894   6.5578
  13    15    5      2.4944   6.5578
  13    15    6      8.2929   8.5500
  13    16    5      2.3405   6.5578
  14    1     5      4.0165   6.5578
  14    1     6      5.9907   8.5500
  14    2     5      3.8466   6.5578
  14    2     6     10.5994   8.5500
  14    3     5      3.7462   6.5578
  14    3     6     12.2637   8.5500
  14    4     5      3.6559   6.5578
  14    4     6     12.9178   8.5500
  14    5     5      3.5268   6.5578
  14    5     6     11.3647   8.5500
  14    6     5      3.3836   6.5578
  14    6     6      8.9578   8.5500
  14    7     5      3.2343   6.5578
  14    7     6      5.7405   8.5500
  14    8     5      3.0069   6.5578
  14    8     6      4.8925   8.5500
  14    9     5      2.7708   6.5578
  14    9     6      7.8547   8.5500
  14    10    5      2.5462   6.5578
  14    10    6     18.7784   8.5500
  14    11    5      2.6382   6.5578
  14    11    6     31.3782   8.5500
  14    12    5      2.6592   6.5578
  14    12    6     33.7935   8.5500
  14    13    5      2.3106   6.5578
  14    13    6      6.7803   8.5500
  14    14    5      2.1868   6.5578
  14    14    6      3.8302   8.5500
  14    15    5      2.1814   6.5578
  14    15    6     19.0515   8.5500
  14    16    5      2.1255   6.5578
  14    16    6      1.5806   8.5500
  15    1     5      3.7986   6.5578
  15    1     6      4.5501   8.5500
  15    2     5      3.6379   6.5578
  15    2     6      8.5685   8.5500
  15    3     5      3.5065   6.5578
  15    3     6     10.5344   8.5500
  15    4     5      3.3922   6.5578
  15    4     6     12.0000   8.5500
  15    5     5      3.2828   6.5578
  15    5     6     12.0000   8.5500
  15    6     5      3.1452   6.5578
  15    6     6     10.8985   8.5500
  15    7     5      2.9941   6.5578
  15    7     6      9.0000   8.5500
  15    8     5      2.7919   6.5578
  15    8     6      9.0000   8.5500
  15    9     5      2.5884   6.5578
  15    9     6     13.9898   8.5500
  15    10    5      2.4208   6.5578
  15    10    6     27.9683   8.5500
  15    11    5      2.4068   6.5578
  15    11    6     37.2876   8.5500
  15    12    5      2.3554   6.5578
  15    12    6     39.1658   8.5500
  15    13    5      2.0675   6.5578
  15    13    6     17.4278   8.5500
  15    14    5      2.0895   6.5578
  15    14    6     18.2686   8.5500
  15    15    5      2.2555   6.5578
  15    15    6     28.5087   8.5500
  15    16    5      2.2968   6.5578
  15    16    6      6.1777   8.5500
  16    1     5      3.0868   6.5578
  16    1     6      7.3285   8.5500
  16    2     5      2.9478   6.5578
  16    2     6     10.6526   8.5500
  16    3     5      2.8249   6.5578
  16    3     6     12.5448   8.5500
  16    4     5      2.7148   6.5578
  16    4     6     13.8438   8.5500
  16    5     5      2.5993   6.5578
  16    5     6     13.2215   8.5500
  16    6     5      2.4529   6.5578
  16    6     6     12.6379   8.5500
  16    7     5      2.2912   6.5578
  16    7     6     12.2123   8.5500
  16    8     5      2.1144   6.5578
  16    8     6     15.0546   8.5500
  16    9     5      1.9734   6.5578
  16    9     6     21.6403   8.5500
  16    10    5      1.9076   6.5578
  16    10    6     32.5979   8.5500
  16    11    5      1.7962   6.5578
  16    11    6     42.5621   8.5500
  16    12    5      1.6720   6.5578
  16    12    6     44.5783   8.5500
  16    13    5      1.5523   6.5578
  16    13    6     14.4985   8.5500
  16    14    5      1.5778   6.5578
  16    14    6     10.8958   8.5500
  16    15    5      1.6188   6.5578
  16    15    6     19.3065   8.5500
  16    16    5      1.5238   6.5578
  16    16    6      7.3064   8.5500
  17    1     5      3.1320   6.5578
  17    1     6     12.3703   8.5500
  17    2     5      3.0175   6.5578
  17    2     6     15.6661   8.5500
  17    3     5      2.9096   6.5578
  17    3     6     17.5658   8.5500
  17    4     5      2.8114   6.5578
  17    4     6     18.8437   8.5500
  17    5     5      2.6963   6.5578
  17    5     6     18.2214   8.5500
  17    6     5      2.5556   6.5578
  17    6     6     19.4662   8.5500
  17    7     5      2.4079   6.5578
  17    7     6     22.6002   8.5500
  17    8     5      2.2748   6.5578
  17    8     6     30.2357   8.5500
  17    9     5      2.2029   6.5578
  17    9     6     40.1191   8.5500
  17    10    5      2.2132   6.5578
  17    10    6     50.7645   8.5500
  17    11    5      2.0906   6.5578
  17    11    6     70.4823   8.5500
  17    12    5      2.0710   6.5578
  17    12    6     79.4370   8.5500
  17    13    5      2.1982   6.5578
  17    13    6     51.0212   8.5500
  17    14    5      2.4009   6.5578
  17    14    6     57.9180   8.5500
  17    15    5      2.6328   6.5578
  17    15    6     70.3752   8.5500
  17    16    5      2.8274   6.5578
  17    16    6     62.8449   8.5500
  18    1     5      3.4051   6.5578
  18    1     6     14.8399   8.5500
  18    2     5      3.3068   6.5578
  18    2     6     16.8049   8.5500
  18    3     5      3.2044   6.5578
  18    3     6     18.5722   8.5500
  18    4     5      3.1097   6.5578
  18    4     6     19.6873   8.5500
  18    5     5      2.9949   6.5578
  18    5     6     18.4426   8.5500
  18    6     5      2.8510   6.5578
  18    6     6     19.4563   8.5500
  18    7     5      2.6982   6.5578
  18    7     6     22.5643   8.5500
  18    8     5      2.5749   6.5578
  18    8     6     29.6515   8.5500
  18    9     5      2.5142   6.5578
  18    9     6     37.6413   8.5500
  18    10    5      2.5260   6.5578
  18    10    6     45.1293   8.5500
  18    11    5      2.3251   6.5578
  18    11    6     66.1993   8.5500
  18    12    5      2.2488   6.5578
  18    12    6     77.1202   8.5500
  18    13    5      2.4343   6.5578
  18    13    6     40.8888   8.5500
  18    14    5      2.5390   6.5578
  18    14    6     45.7454   8.5500
  18    15    5      2.6348   6.5578
  18    15    6     62.1038   8.5500
  18    16    5      2.7724   6.5578
  18    16    6     63.4421   8.5500
  19    1     5      3.5115   6.5578
  19    1     6      6.3092   8.5500
  19    2     5      3.3610   6.5578
  19    2     6      9.6461   8.5500
  19    3     5      3.2277   6.5578
  19    3     6     11.0194   8.5500
  19    4     5      3.1074   6.5578
  19    4     6     12.1551   8.5500
  19    5     5      2.9873   6.5578
  19    5     6     12.7770   8.5500
  19    6     5      2.8395   6.5578
  19    6     6     13.0000   8.5500
  19    7     5      2.6787   6.5578
  19    7     6     13.2145   8.5500
  19    8     5      2.5072   6.5578
  19    8     6     16.0673   8.5500
  19    9     5      2.3639   6.5578
  19    9     6     23.3975   8.5500
  19    10    5      2.2926   6.5578
  19    10    6     36.3380   8.5500
  19    11    5      2.1565   6.5578
  19    11    6     53.0335   8.5500
  19    12    5      2.0698   6.5578
  19    12    6     58.8717   8.5500
  19    13    5      2.1217   6.5578
  19    13    6     24.1687   8.5500
  19    14    5      2.1676   6.5578
  19    14    6     24.4925   8.5500
  19    15    5      2.1941   6.5578
  19    15    6     37.3722   8.5500
  19    16    5      2.2888   6.5578
  19    16    6     28.7986   8.5500
  20    1     5      3.7929   6.5578
  20    1     6      3.2864   8.5500
  20    2     5      3.6286   6.5578
  20    2     6      6.6382   8.5500
  20    3     5      3.4857   6.5578
  20    3     6      8.5156   8.5500
  20    4     5      3.3565   6.5578
  20    4     6     10.0000   8.5500
  20    5     5      3.2308   6.5578
  20    5     6     10.0000   8.5500
  20    6     5      3.0796   6.5578
  20    6     6      9.2773   8.5500
  20    7     5      2.9153   6.5578
  20    7     6      8.0826   8.5500
  20    8     5      2.7243   6.5578
  20    8     6      9.2074   8.5500
  20    9     5      2.5434   6.5578
  20    9     6     14.9943   8.5500
  20    10    5      2.4125   6.5578
  20    10    6     28.1718   8.5500
  20    11    5      2.2629   6.5578
  20    11    6     43.8700   8.5500
  20    12    5      2.1313   6.5578
  20    12    6     47.6034   8.5500
  20    13    5      2.1611   6.5578
  20    13    6      4.0850   8.5500
  20    14    5      2.1289   6.5578
  20    15    5      1.9612   6.5578
  20    15    6     11.4627   8.5500
  20    16    5      1.9643   6.5578
  20    16    6      3.2521   8.5500
  21    1     5      3.7257   6.5578
  21    1     6      5.1715   8.5500
  21    2     5      3.5655   6.5578
  21    2     6      7.5812   8.5500
  21    3     5      3.4244   6.5578
  21    3     6      9.2365   8.5500
  21    4     5      3.2951   6.5578
  21    4     6     10.5848   8.5500
  21    5     5      3.1639   6.5578
  21    5     6     10.5227   8.5500
  21    6     5      3.0162   6.5578
  21    6     6     10.3904   8.5500
  21    7     5      2.8614   6.5578
  21    7     6     10.3501   8.5500
  21    8     5      2.6751   6.5578
  21    8     6     12.3820   8.5500
  21    9     5      2.5071   6.5578
  21    9     6     17.9372   8.5500
  21    10    5      2.3893   6.5578
  21    10    6     28.5468   8.5500
  21    11    5      2.1913   6.5578
  21    11    6     43.5809   8.5500
  21    12    5      2.0329   6.5578
  21    12    6     46.1836   8.5500
  21    13    5      2.2139   6.5578
  21    13    6      1.8469   8.5500
  21    14    5      2.0893   6.5578
  21    14    6      0.4685   8.5500
  21    15    5      1.6793   6.5578
  21    15    6     21.9990   8.5500
  21    16    5      1.7323   6.5578
  22    1     5      3.8545   6.5578
  22    1     6     10.6065   8.5500
  22    2     5      3.7321   6.5578
  22    2     6     12.9592   8.5500
  22    3     5      3.6063   6.5578
  22    3     6     14.0710   8.5500
  22    4     5      3.4921   6.5578
  22    4     6     14.8374   8.5500
  22    5     5      3.3781   6.5578
  22    5     6     14.5884   8.5500
  22    6     5      3.2383   6.5578
  22    6     6     14.8666   8.5500
  22    7     5      3.0881   6.5578
  22    7     6     15.8479   8.5500
  22    8     5      2.9235   6.5578
  22    8     6     20.4387   8.5500
  22    9     5      2.8105   6.5578
  22    9     6     27.0983   8.5500
  22    10    5      2.7757   6.5578
  22    10    6     35.1111   8.5500
  22    11    5      2.4414   6.5578
  22    11    6     57.3502   8.5500
  22    12    5      2.1921   6.5578
  22    12    6     73.0654   8.5500
  22    13    5      2.4097   6.5578
  22    13    6     16.8803   8.5500
  22    14    5      2.4185   6.5578
  22    14    6     17.3707   8.5500
  22    15    5      2.2566   6.5578
  22    15    6     36.7492   8.5500
  22    16    5      2.2590   6.5578
  22    16    6      5.1609   8.5500
  23    1     5      3.6878   6.5578
  23    1     6      6.2096   8.5500
  23    2     5      3.5338   6.5578
  23    2     6      8.6680   8.5500
  23    3     5      3.3942   6.5578
  23    3     6     10.4343   8.5500
  23    4     5      3.2667   6.5578
  23    4     6     11.9612   8.5500
  23    5     5      3.1384   6.5578
  23    5     6     12.2097   8.5500
  23    6     5      2.9915   6.5578
  23    6     6     12.8113   8.5500
  23    7     5      2.8368   6.5578
  23    7     6     14.0076   8.5500
  23    8     5      2.6560   6.5578
  23    8     6     18.1486   8.5500
  23    9     5      2.5021   6.5578
  23    9     6     26.2175   8.5500
  23    10    5      2.4160   6.5578
  23    10    6     39.0230   8.5500
  23    11    5      2.3887   6.5578
  23    11    6     67.2772   8.5500
  23    12    5      2.4493   6.5578
  23    12    6     76.1838   8.5500
  23    13    5      2.4933   6.5578
  23    13    6     36.1817   8.5500
  23    14    5      2.3496   6.5578
  23    14    6     38.4562   8.5500
  23    15    5      2.1283   6.5578
  23    15    6     68.6582   8.5500
  23    16    5      2.5287   6.5578
  23    16    6     50.2463   8.5500
  24    1     5      3.7448   6.5578
  24    1     6      6.4008   8.5500
  24    2     5      3.5899   6.5578
  24    2     6      8.8398   8.5500
  24    3     5      3.4490   6.5578
  24    3     6     10.5162   8.5500
  24    4     5      3.3198   6.5578
  24    4     6     12.0376   8.5500
  24    5     5      3.1905   6.5578
  24    5     6     12.5966   8.5500
  24    6     5      3.0428   6.5578
  24    6     6     13.5663   8.5500
  24    7     5      2.8883   6.5578
  24    7     6     15.2488   8.5500
  24    8     5      2.7185   6.5578
  24    8     6     19.8809   8.5500
  24    9     5      2.5769   6.5578
  24    9     6     28.2863   8.5500
  24    10    5      2.5008   6.5578
  24    10    6     41.0500   8.5500
  24    11    5      2.4478   6.5578
  24    11    6     72.0512   8.5500
  24    12    5      2.5244   6.5578
  24    12    6     81.9755   8.5500
  24    13    5      2.6372   6.5578
  24    13    6     40.2413   8.5500
  24    14    5      2.5595   6.5578
  24    14    6     42.1564   8.5500
  24    15    5      2.4033   6.5578
  24    15    6     67.2549   8.5500
  24    16    5      2.7827   6.5578
  24    16    6     63.0136   8.5500
  25    1     5      4.0438   6.5578
  25    1     6     10.3658   8.5500
  25    2     5      3.9175   6.5578
  25    2     6     13.0263   8.5500
  25    3     5      3.7942   6.5578
  25    3     6     14.5336   8.5500
  25    4     5      3.6827   6.5578
  25    4     6     15.8408   8.5500
  25    5     5      3.5680   6.5578
  25    5     6     16.4009   8.5500
  25    6     5      3.4316   6.5578
  25    6     6     17.4863   8.5500
  25    7     5      3.2894   6.5578
  25    7     6     19.4618   8.5500
  25    8     5      3.1458   6.5578
  25    8     6     25.4035   8.5500
  25    9     5      3.0554   6.5578
  25    9     6     33.5884   8.5500
  25    10    5      3.0414   6.5578
  25    10    6     43.0635   8.5500
  25    11    5      2.9395   6.5578
  25    11    6     79.1376   8.5500
  25    12    5      2.9789   6.5578
  25    12    6     88.4572   8.5500
  25    13    5      3.2382   6.5578
  25    13    6     26.7910   8.5500
  25    14    5      3.2174   6.5578
  25    14    6     22.6074   8.5500
  25    15    5      2.8972   6.5578
  25    15    6     36.4179   8.5500
  25    16    5      2.9739   6.5578
  25    16    6     22.6035   8.5500
  26    1     5      3.7285   6.5578
  26    1     6      9.3389   8.5500
  26    2     5      3.5933   6.5578
  26    2     6     12.0210   8.5500
  26    3     5      3.4674   6.5578
  26    3     6     13.5313   8.5500
  26    4     5      3.3550   6.5578
  26    4     6     14.6214   8.5500
  26    5     5      3.2433   6.5578
  26    5     6     14.3102   8.5500
  26    6     5      3.1063   6.5578
  26    6     6     14.5680   8.5500
  26    7     5      2.9601   6.5578
  26    7     6     15.4428   8.5500
  26    8     5      2.8034   6.5578
  26    8     6     18.6130   8.5500
  26    9     5      2.6805   6.5578
  26    9     6     23.5719   8.5500
  26    10    5      2.6110   6.5578
  26    10    6     30.3268   8.5500
  26    11    5      2.4926   6.5578
  26    11    6     66.5082   8.5500
  26    12    5      2.4751   6.5578
  26    12    6     79.4936   8.5500
  26    13    5      2.5387   6.5578
  26    13    6      5.9090   8.5500
  26    14    5      2.4889   6.5578
  26    15    5      1.9876   6.5578
  26    15    6     13.6537   8.5500
  26    16    5      2.0005   6.5578
  26    16    6     12.9580   8.5500
  27    1     5      3.7081   6.5578
  27    1     6     27.9489   8.5500
  27    2     5      3.7068   6.5578
  27    2     6     29.8343   8.5500
  27    3     5      3.6300   6.5578
  27    3     6     21.9439   8.5500
  27    4     5      3.5519   6.5578
  27    4     6     13.9807   8.5500
  27    5     5      3.3925   6.5578
  27    5     6      9.6489   8.5500
  27    6     5      3.2073   6.5578
  27    6     6      8.3443   8.5500
  27    7     5      3.0012   6.5578
  27    7     6      9.2505   8.5500
  27    8     5      2.8157   6.5578
  27    8     6     12.6412   8.5500
  27    9     5      2.6667   6.5578
  27    9     6     17.6749   8.5500
  27    10    5      2.5798   6.5578
  27    10    6     24.1443   8.5500
  27    11    5      2.5617   6.5578
  27    11    6     58.4395   8.5500
  27    12    5      2.5352   6.5578
  27    12    6     71.8827   8.5500
  27    13    5      2.1673   6.5578
  27    14    5      2.1093   6.5578
  27    15    5      1.8929   6.5578
  27    15    6     37.7907   8.5500
  27    16    5      1.1928   6.5578
  28    1     5      3.9458   6.5578
  28    1     6     33.6747   8.5500
  28    2     5      3.9959   6.5578
  28    2     6     34.8991   8.5500
  28    3     5      3.9636   6.5578
  28    3     6     28.3211   8.5500
  28    4     5      3.9064   6.5578
  28    4     6     21.6110   8.5500
  28    5     5      3.7180   6.5578
  28    5     6     15.4502   8.5500
  28    6     5      3.5452   6.5578
  28    6     6     12.6391   8.5500
  28    7     5      3.3799   6.5578
  28    7     6     12.2930   8.5500
  28    8     5      3.1955   6.5578
  28    8     6     16.2535   8.5500
  28    9     5      3.0453   6.5578
  28    9     6     23.0099   8.5500
  28    10    5      2.9616   6.5578
  28    10    6     32.7252   8.5500
  28    11    5      3.0756   6.5578
  28    11    6     77.7039   8.5500
  28    12    5      3.1437   6.5578
  28    12    6     89.7316   8.5500
  28    13    5      2.8094   6.5578
  28    14    5      2.7852   6.5578
  28    15    5      2.4858   6.5578
  28    15    6     45.3140   8.5500
  28    16    5      2.0067   6.5578
  29    1     5      3.4876   6.5578
  29    1     6     32.3026   8.5500
  29    2     5      3.5098   6.5578
  29    2     6     34.7879   8.5500
  29    3     5      3.4671   6.5578
  29    3     6     28.3712   8.5500
  29    4     5      3.4074   6.5578
  29    4     6     21.8603   8.5500
  29    5     5      3.2344   6.5578
  29    5     6     16.9202   8.5500
  29    6     5      3.0673   6.5578
  29    6     6     15.3614   8.5500
  29    7     5      2.9024   6.5578
  29    7     6     16.3689   8.5500
  29    8     5      2.7073   6.5578
  29    8     6     21.4258   8.5500
  29    9     5      2.5044   6.5578
  29    9     6     30.0712   8.5500
  29    10    5      2.3149   6.5578
  29    10    6     44.8004   8.5500
  29    11    5      1.9328   6.5578
  29    12    5      2.2375   6.5578
  29    13    5      1.9775   6.5578
  29    13    6     30.7037   8.5500
  29    14    5      2.2478   6.5578
  29    14    6     36.3031   8.5500
  29    15    5      2.2391   6.5578
  29    15    6     66.8915   8.5500
  29    16    5      2.2185   6.5578
  29    16    6     49.1901   8.5500
  30    1     5      3.9416   6.5578
  30    1     6     38.0543   8.5500
  30    2     5      4.0046   6.5578
  30    2     6     41.7042   8.5500
  30    3     5      3.9715   6.5578
  30    3     6     34.7714   8.5500
  30    4     5      3.9353   6.5578
  30    4     6     28.2068   8.5500
  30    5     5      3.8301   6.5578
  30    5     6     25.0905   8.5500
  30    6     5      3.6922   6.5578
  30    6     6     26.5632   8.5500
  30    7     5      3.5508   6.5578
  30    7     6     31.7959   8.5500
  30    8     5      3.4942   6.5578
  30    8     6     41.0147   8.5500
  30    9     5      3.5269   6.5578
  30    9     6     51.1827   8.5500
  30    10    5      3.6429   6.5578
  30    10    6     60.0941   8.5500
  30    11    5      3.5622   6.5578
  30    11    6     68.6297   8.5500
  30    12    5      3.2444   6.5578
  30    12    6     68.9424   8.5500
  30    13    5      2.8721   6.5578
  30    14    5      1.6519   6.5578
  30    15    5      3.2455   6.5578
  30    16    5      2.2311   6.5578
  31    1     5      4.3590   6.5578
  31    2     5      4.5832   6.5578
  31    3     5      4.7261   6.5578
  31    3     6     79.5007   8.5500
  31    4     5      4.8353   6.5578
  31    4     6     64.7101   8.5500
  31    5     5      4.7279   6.5578
  31    5     6     51.5385   8.5500
  31    6     5      4.6604   6.5578
  31    6     6     41.2296   8.5500
  31    7     5      4.6247   6.5578
  31    7     6     32.7525   8.5500
  31    8     5      4.5294   6.5578
  31    8     6     29.7581   8.5500
  31    9     5      4.4791   6.5578
  31    9     6     26.7986   8.5500
  31    10    5      4.4792   6.5578
  31    10    6     24.2964   8.5500
  31    11    5      4.2196   6.5578
  31    11    6     18.3372   8.5500
  31    12    5      3.7132   6.5578
  31    12    6      2.1059   8.5500
  31    13    5      3.3907   6.5578
  31    13    6     77.3209   8.5500
  31    14    5      0.1534   6.5578
  31    14    6     16.6256   8.5500
  31    15    5      3.9607   6.5578
  31    15    6     61.0705   8.5500
  31    16    5      2.7460   6.5578
  31    16    6     56.3484   8.5500
  32    1     5      4.8612   6.5578
  32    1     6      8.5522   8.5500
  32    2     5      4.8443   6.5578
  32    2     6      1.0482   8.5500
  32    3     5      4.6776   6.5578
  32    4     5      4.5337   6.5578
  32    5     5      4.2752   6.5578
  32    6     5      4.0363   6.5578
  32    7     5      3.8709   6.5578
  32    7     6     76.4743   8.5500
  32    8     5      3.6750   6.5578
  32    8     6     54.9628   8.5500
  32    9     5      3.6127   6.5578
  32    9     6     34.7663   8.5500
  32    10    5      3.6164   6.5578
  32    10    6     21.5412   8.5500
  32    11    5      3.6800   6.5578
  32    11    6      1.9688   8.5500
  32    12    5      3.4254   6.5578
  32    13    5      3.3703   6.5578
  32    13    6      8.3226   8.5500
  32    14    5      3.2534   6.5578
  32    15    5      3.3244   6.5578
  32    15    6     69.6828   8.5500
  32    16    5      1.2508   6.5578
  33    1     5      5.0329   6.5578
  33    2     5      4.8434   6.5578
  33    3     5      4.6544   6.5578
  33    4     5      4.4594   6.5578
  33    5     5      4.2438   6.5578
  33    6     5      3.9758   6.5578
  33    7     5      3.6363   6.5578
  33    8     5      3.1305   6.5578
  33    9     5      2.5728   6.5578
  33    10    5      2.5119   6.5578
  33    10    6     26.5485   8.5500
  33    11    5      2.4760   6.5578
  33    11    6     86.0101   8.5500
  33    12    5      2.3906   6.5578
  33    13    5      2.8665   6.5578
  33    14    5      2.8263   6.5578
  33    15    5      2.8329   6.5578
  33    15    6     50.5108   8.5500
  33    16    5      1.9873   6.5578
  33    16    6     72.5896   8.5500
  34    1     5      5.0941   6.5578
  34    2     5      4.9130   6.5578
  34    3     5      4.7379   6.5578
  34    4     5      4.5614   6.5578
  34    5     5      4.3682   6.5578
  34    6     5      4.1271   6.5578
  34    7     5      3.8242   6.5578
  34    8     5      3.4550   6.5578
  34    9     5      3.1940   6.5578
  34    9     6     17.0977   8.5500
  34    10    5      3.2432   6.5578
  34    10    6     37.8574   8.5500
  34    11    5      3.0369   6.5578
  34    11    6     76.7571   8.5500
  34    12    5      2.7561   6.5578
  34    12    6     87.5344   8.5500
  34    13    5      3.4820   6.5578
  34    14    5      3.3978   6.5578
  34    15    5      3.2030   6.5578
  34    15    6     72.2951   8.5500
  34    16    5      2.6738   6.5578
  35    1     5      4.4785   6.5578
  35    1     6      7.9652   8.5500
  35    2     5      4.3300   6.5578
  35    2     6     10.6192   8.5500
  35    3     5      4.2223   6.5578
  35    3     6     10.5333   8.5500
  35    4     5      4.1121   6.5578
  35    4     6      9.8540   8.5500
  35    5     5      3.9354   6.5578
  35    5     6      8.3498   8.5500
  35    6     5      3.7429   6.5578
  35    6     6      7.4911   8.5500
  35    7     5      3.5311   6.5578
  35    7     6      7.7379   8.5500
  35    8     5      3.2680   6.5578
  35    8     6     19.1067   8.5500
  35    9     5      3.1442   6.5578
  35    9     6     36.0065   8.5500
  35    10    5      3.2274   6.5578
  35    10    6     50.7518   8.5500
  35    11    5      3.1340   6.5578
  35    12    5      3.1169   6.5578
  35    13    5      3.6470   6.5578
  35    13    6     14.7982   8.5500
  35    14    5      3.6851   6.5578
  35    15    5      3.5472   6.5578
  35    16    5      3.6042   6.5578
  35    16    6      7.1360   8.5500
  36    1     5      4.4296   6.5578
  36    2     5      4.2462   6.5578
  36    3     5      4.0552   6.5578
  36    4     5      3.8695   6.5578
  36    4     6      0.2458   8.5500
  36    5     5      3.7075   6.5578
  36    5     6      0.7557   8.5500
  36    6     5      3.4835   6.5578
  36    6     6      2.4958   8.5500
  36    7     5      3.1986   6.5578
  36    7     6      6.8184   8.5500
  36    8     5      2.9442   6.5578
  36    8     6     21.5651   8.5500
  36    9     5      2.8781   6.5578
  36    9     6     43.7864   8.5500
  36    10    5      3.0515   6.5578
  36    10    6     61.5467   8.5500
  36    11    5      3.3594   6.5578
  36    11    6     83.6313   8.5500
  36    12    5      3.3735   6.5578
  36    12    6     80.0744   8.5500
  36    13    5      3.3901   6.5578
  36    14    5      2.6176   6.5578
  36    15    5      3.5661   6.5578
  36    15    6     13.7164   8.5500
  36    16    5      3.4212   6.5578
  36    16    6     19.4624   8.5500
  37    1     5      3.5828   6.5578
  37    1     6     16.0487   8.5500
  37    2     5      3.3924   6.5578
  37    2     6     16.9944   8.5500
  37    3     5      3.2482   6.5578
  37    3     6     14.2631   8.5500
  37    4     5      3.0762   6.5578
  37    4     6     10.9785   8.5500
  37    5     5      2.7364   6.5578
  37    5     6      8.1332   8.5500
  37    6     5      2.4532   6.5578
  37    6     6      7.6038   8.5500
  37    7     5      2.2340   6.5578
  37    7     6     11.7310   8.5500
  37    8     5      2.3543   6.5578
  37    8     6     33.0288   8.5500
  37    9     5      2.5764   6.5578
  37    9     6     47.4467   8.5500
  37    10    5      2.8200   6.5578
  37    10    6     55.8703   8.5500
  37    11    5      2.9014   6.5578
  37    11    6     66.9590   8.5500
  37    12    5      2.7477   6.5578
  37    12    6     62.9851   8.5500
  37    13    5      2.6729   6.5578
  37    14    5      2.1788   6.5578
  37    15    5      2.6560   6.5578
  37    16    5      2.0733   6.5578
  38    1     5      3.3826   6.5578
  38    1     6     10.3363   8.5500
  38    2     5      3.1410   6.5578
  38    2     6     14.5930   8.5500
  38    3     5      2.8708   6.5578
  38    3     6     15.9220   8.5500
  38    4     5      2.5907   6.5578
  38    4     6     16.5446   8.5500
  38    5     5      2.3974   6.5578
  38    5     6     14.5166   8.5500
  38    6     5      2.1490   6.5578
  38    6     6     11.8824   8.5500
  38    7     5      1.8807   6.5578
  38    7     6      9.6171   8.5500
  38    8     5      2.1085   6.5578
  38    8     6     24.5953   8.5500
  38    9     5      2.2750   6.5578
  38    9     6     36.5611   8.5500
  38    10    5      2.4138   6.5578
  38    10    6     48.1587   8.5500
  38    11    5      2.5343   6.5578
  38    11    6     65.2125   8.5500
  38    12    5      2.4278   6.5578
  38    12    6     65.2754   8.5500
  38    13    5      2.2427   6.5578
  38    14    5      0.7793   6.5578
  38    15    5      2.5551   6.5578
  38    16    5      1.2328   6.5578
  39    1     5      2.2950   6.5578
  39    1     6     19.1200   8.5500
  39    2     5      2.1970   6.5578
  39    2     6     21.7400   8.5500
  39    3     5      2.1053   6.5578
  39    3     6     22.0000   8.5500
  39    4     5      2.0237   6.5578
  39    4     6     21.5185   8.5500
  39    5     5      1.9258   6.5578
  39    5     6     19.6478   8.5500
  39    6     5      1.7355   6.5578
  39    6     6     20.6229   8.5500
  39    7     5      1.4733   6.5578
  39    7     6     25.7358   8.5500
  39    8     5      1.2912   6.5578
  39    8     6     49.9892   8.5500
  39    9     5      1.2158   6.5578
  39    9     6     80.5885   8.5500
  39    10    5      1.3178   6.5578
  39    11    5      0.7269   6.5578
  39    12    5      0.9177   6.5578
  39    12    6     42.7247   8.5500
  39    13    5      0.7981   6.5578
  39    13    6     54.6438   8.5500
  39    14    5     -0.4596   6.5578
  39    15    5      0.8920   6.5578
  39    15    6     34.8153   8.5500
  39    16    5      0.9592   6.5578
  39    16    6     32.2168   8.5500
  40    1     5      2.3875   6.5578
  40    1     6     28.4573   8.5500
  40    2     5      2.3217   6.5578
  40    2     6     31.6918   8.5500
  40    3     5      2.2915   6.5578
  40    3     6     33.1206   8.5500
  40    4     5      2.2455   6.5578
  40    4     6     32.9649   8.5500
  40    5     5      2.0958   6.5578
  40    5     6     28.6263   8.5500
  40    6     5      1.9258   6.5578
  40    6     6     28.4132   8.5500
  40    7     5      1.7358   6.5578
  40    7     6     32.8536   8.5500
  40    8     5      1.5507   6.5578
  40    8     6     59.0049   8.5500
  40    9     5      1.4926   6.5578
  40    10    5      1.6626   6.5578
  40    11    5      0.9545   6.5578
  40    11    6      2.7311   8.5500
  40    12    5      1.3943   6.5578
  40    12    6     73.8180   8.5500
  40    13    5      1.4722   6.5578
  40    13    6     88.7955   8.5500
  40    14    5      0.1277   6.5578
  40    15    5      1.4249   6.5578
  40    16    5      1.4415   6.5578
  40    16    6     74.1292   8.5500
  41    1     5      2.5991   6.5578
  41    1     6     53.2652   8.5500
  41    2     5      2.3958   6.5578
  41    2     6     51.2309   8.5500
  41    3     5      2.3934   6.5578
  41    3     6     46.3424   8.5500
  41    4     5      2.3891   6.5578
  41    4     6     40.9738   8.5500
  41    5     5      2.2745   6.5578
  41    5     6     32.8617   8.5500
  41    6     5      2.0871   6.5578
  41    6     6     29.6722   8.5500
  41    7     5      1.8230   6.5578
  41    7     6     31.8685   8.5500
  41    8     5      1.6672   6.5578
  41    8     6     73.6144   8.5500
  41    9     5      1.7207   6.5578
  41    10    5      1.9451   6.5578
  41    11    5      1.2359   6.5578
  41    11    6     43.5324   8.5500
  41    12    5      1.9222   6.5578
  41    13    5      2.1256   6.5578
  41    14    5      1.0282   6.5578
  41    14    6      7.1826   8.5500
  41    15    5      2.7458   6.5578
  41    16    5      3.1214   6.5578
  42    1     5      2.9577   6.5578
  42    1     6      6.7868   8.5500
  42    2     5      2.8080   6.5578
  42    2     6      8.7879   8.5500
  42    3     5      2.6777   6.5578
  42    3     6     10.5345   8.5500
  42    4     5      2.5556   6.5578
  42    4     6     12.0000   8.5500
  42    5     5      2.4147   6.5578
  42    5     6     12.0000   8.5500
  42    6     5      2.2456   6.5578
  42    6     6     14.1173   8.5500
  42    7     5      2.0615   6.5578
  42    7     6     18.9407   8.5500
  42    8     5      1.8869   6.5578
  42    8     6     31.6181   8.5500
  42    9     5      1.6722   6.5578
  42    9     6     47.9598   8.5500
  42    10    5      1.4193   6.5578
  42    10    6     74.8076   8.5500
  42    11    5      1.0639   6.5578
  42    11    6     43.2894   8.5500
  42    12    5      1.1705   6.5578
  42    12    6      4.7644   8.5500
  42    13    5      1.2401   6.5578
  42    13    6      7.2714   8.5500
  42    14    5      1.2789   6.5578
  42    14    6     16.3322   8.5500
  42    15    5      1.3168   6.5578
  42    15    6     31.5463   8.5500
  42    16    5      1.5842   6.5578
  43    1     5      3.2152   6.5578
  43    1     6     10.8041   8.5500
  43    2     5      3.0825   6.5578
  43    2     6     12.7936   8.5500
  43    3     5      2.9719   6.5578
  43    3     6     14.5644   8.5500
  43    4     5      2.8711   6.5578
  43    4     6     15.6908   8.5500
  43    5     5      2.7491   6.5578
  43    5     6     14.4472   8.5500
  43    6     5      2.5815   6.5578
  43    6     6     14.6963   8.5500
  43    7     5      2.3803   6.5578
  43    7     6     16.8404   8.5500
  43    8     5      2.1478   6.5578
  43    8     6     28.9941   8.5500
  43    9     5      1.9160   6.5578
  43    9     6     50.0742   8.5500
  43    10    5      1.8318   6.5578
  43    10    6     83.2491   8.5500
  43    11    5      1.7293   6.5578
  43    11    6     43.8194   8.5500
  43    12    5      1.9929   6.5578
  43    12    6     15.0000   8.5500
  43    13    5      2.0683   6.5578
  43    13    6     15.0000   8.5500
  43    14    5      1.9598   6.5578
  43    14    6     62.5638   8.5500
  43    15    5      2.4376   6.5578
  43    16    5      2.0468   6.5578
  43    16    6     65.2185   8.5500
  44    1     5      3.7154   6.5578
  44    1     6      5.5197   8.5500
  44    2     5      3.5583   6.5578
  44    2     6      6.8569   8.5500
  44    3     5      3.4135   6.5578
  44    3     6      8.5113   8.5500
  44    4     5      3.2737   6.5578
  44    4     6     10.1458   8.5500
  44    5     5      3.1145   6.5578
  44    5     6     10.7642   8.5500
  44    6     5      2.9389   6.5578
  44    6     6     12.7645   8.5500
  44    7     5      2.7556   6.5578
  44    7     6     16.7362   8.5500
  44    8     5      2.5882   6.5578
  44    8     6     26.5303   8.5500
  44    9     5      2.4438   6.5578
  44    9     6     42.1524   8.5500
  44    10    5      2.3933   6.5578
  44    10    6     64.2947   8.5500
  44    11    5      1.9654   6.5578
  44    11    6     46.7248   8.5500
  44    12    5      1.7500   6.5578
  44    12    6      6.7021   8.5500
  44    13    5      1.9046   6.5578
  44    13    6      2.9596   8.5500
  44    14    5      2.1616   6.5578
  44    14    6      4.1838   8.5500
  44    15    5      2.3368   6.5578
  44    15    6      5.0914   8.5500
  44    16    5      1.4885   6.5578
  44    16    6     49.2621   8.5500
  45    1     5      4.1304   6.5578
  45    1     6      2.2548   8.5500
  45    2     5      3.7928   6.5578
  45    2     6      9.9632   8.5500
  45    3     5      3.7341   6.5578
  45    3     6     12.6833   8.5500
  45    4     5      3.6640   6.5578
  45    4     6     13.2662   8.5500
  45    5     5      3.3973   6.5578
  45    5     6      9.6435   8.5500
  45    6     5      3.1045   6.5578
  45    6     6      7.1139   8.5500
  45    7     5      2.7712   6.5578
  45    7     6      3.9520   8.5500
  45    8     5      2.6804   6.5578
  45    9     5      2.8658   6.5578
  45    10    5      3.2536   6.5578
  45    10    6     13.9063   8.5500
  45    11    5      3.5308   6.5578
  45    11    6     16.9871   8.5500
  45    12    5      3.6174   6.5578
  45    12    6     21.3692   8.5500
  45    13    5      3.3032   6.5578
  45    13    6     41.0216   8.5500
  45    14    5      1.7018   6.5578
  45    14    6     19.7112   8.5500
  45    15    5      3.2062   6.5578
  45    15    6     63.2845   8.5500
  45    16    5      1.4445   6.5578
  45    16    6     25.0988   8.5500
  46    1     5      3.8836   6.5578
  46    1     6      2.2598   8.5500
  46    2     5      3.5476   6.5578
  46    2     6      9.9658   8.5500
  46    3     5      3.4923   6.5578
  46    3     6     12.6880   8.5500
  46    4     5      3.4252   6.5578
  46    4     6     13.2629   8.5500
  46    5     5      3.1612   6.5578
  46    5     6      9.6374   8.5500
  46    6     5      2.8688   6.5578
  46    6     6      6.8207   8.5500
  46    7     5      2.5611   6.5578
  46    7     6      2.2291   8.5500
  46    8     5      2.7597   6.5578
  46    9     5      2.9486   6.5578
  46    10    5      3.1635   6.5578
  46    10    6      7.6426   8.5500
  46    11    5      3.3667   6.5578
  46    11    6     16.6818   8.5500
  46    12    5      3.4437   6.5578
  46    12    6     23.5075   8.5500
  46    13    5      3.1907   6.5578
  46    13    6     36.7428   8.5500
  46    14    5      1.3539   6.5578
  46    14    6     46.3660   8.5500
  46    15    5      3.1149   6.5578
  46    15    6     42.6746   8.5500
  46    16    5      1.8740   6.5578
  47    1     5      3.8746   6.5578
  47    2     5      3.8282   6.5578
  47    2     6      7.2849   8.5500
  47    3     5      3.7913   6.5578
  47    3     6      9.6671   8.5500
  47    4     5      3.7137   6.5578
  47    4     6     10.2609   8.5500
  47    5     5      3.4513   6.5578
  47    5     6      6.6336   8.5500
  47    6     5      3.1560   6.5578
  47    6     6      3.8325   8.5500
  47    7     5      2.8083   6.5578
  47    8     5      2.6666   6.5578
  47    9     5      2.6501   6.5578
  47    10    5      2.7758   6.5578
  47    10    6      2.3988   8.5500
  47    11    5      2.7806   6.5578
  47    11    6      5.0981   8.5500
  47    12    5      2.7609   6.5578
  47    12    6      6.9003   8.5500
  47    13    5      2.6726   6.5578
  47    13    6     10.6237   8.5500
  47    14    5      1.2909   6.5578
  47    14    6     37.5630   8.5500
  47    15    5      2.5577   6.5578
  47    16    5      1.5409   6.5578
