FORMAT:           OCCAM2MTDATA_1.0
TITLE:            MTpy-OccamDatafile, Profile=109.6 deg, Strike=nan deg
SITES:            31
   S00
   S01
   S02
   S03
   S04
   S05
   S06
   S07
   S08
   S09
   S10
   S11
   S12
   S13
   S14
   S15
   S16
   S17
   S18
   S19
   S20
   S21
   S22
   S23
   S24
   S25
   S26
   S27
   S28
   S29
   S30
OFFSETS (M):      
   0.0
   52.4
   115.1
   151.5
   203.9
   266.5
   319.0
   355.4
   407.8
   444.2
   496.6
   559.3
   611.7
   648.1
   700.5
   763.2
   799.6
   852.0
   914.6
   967.1
   1003.5
   1055.9
   1092.3
   1144.8
   1207.4
   1259.8
   1296.2
   1348.7
   1411.3
   1447.7
   1500.1
FREQUENCIES:      17
   1.000000e+01
   1.539927e+01
   2.371374e+01
   3.651741e+01
   5.623413e+01
   8.659643e+01
   1.333521e+02
   2.053525e+02
   3.162278e+02
   4.869675e+02
   7.498942e+02
   1.154782e+03
   1.778279e+03
   2.738420e+03
   4.216965e+03
   6.493816e+03
   1.000000e+04
DATA BLOCKS:      952
SITE  FREQ  TYPE   DATUM    ERROR   
  1     1     5      4.8412   0.1303
  1     1     6      8.5195   8.6269
  1     2     5      4.7220   0.1303
  1     2     6     12.4950   8.6269
  1     3     5      4.6177   0.1303
  1     3     6     13.9479   8.6269
  1     4     5      4.5229   0.1303
  1     4     6     14.0827   8.6269
  1     5     5      4.4105   0.1303
  1     5     6     10.8381   8.6269
  1     6     5      4.2626   0.1303
  1     6     6      7.1222   8.6269
  1     7     5      4.0952   0.1303
  1     7     6      2.4676   8.6269
  1     8     5      3.8611   0.1303
  1     8     6      0.9971   8.6269
  1     9     5      3.6583   0.1303
  1     9     6      3.0246   8.6269
  1     10    5      3.5330   0.1303
  1     10    6     11.1695   8.6269
  1     11    5      3.5132   0.1303
  1     11    6     15.8987   8.6269
  1     12    5      3.4458   0.1303
  1     12    6     13.8397   8.6269
  1     13    5      3.1968   0.1303
  1     14    5      3.0119   0.1303
  1     15    5      2.7651   0.1303
  1     16    5      2.4916   0.1303
  2     1     5      4.6999   0.1303
  2     1     6      9.2239   8.6269
  2     2     5      4.5822   0.1303
  2     2     6     13.4684   8.6269
  2     3     5      4.4818   0.1303
  2     3     6     14.8468   8.6269
  2     4     5      4.3904   0.1303
  2     4     6     14.9944   8.6269
  2     5     5      4.2777   0.1303
  2     5     6     12.1924   8.6269
  2     6     5      4.1311   0.1303
  2     6     6      9.0738   8.6269
  2     7     5      3.9665   0.1303
  2     7     6      5.2923   8.6269
  2     8     5      3.7462   0.1303
  2     8     6      4.9018   8.6269
  2     9     5      3.5560   0.1303
  2     9     6      8.8395   8.6269
  2     10    5      3.4464   0.1303
  2     10    6     19.5488   8.6269
  2     11    5      3.4544   0.1303
  2     11    6     28.6205   8.6269
  2     12    5      3.4473   0.1303
  2     12    6     28.6550   8.6269
  2     13    5      3.3603   0.1303
  2     13    6      3.5524   8.6269
  2     14    5      3.2543   0.1303
  2     14    6      0.7575   8.6269
  2     15    5      3.0960   0.1303
  2     15    6     11.0977   8.6269
  2     16    5      2.9569   0.1303
  3     1     5      4.7812   0.1303
  3     1     6      7.1860   8.6269
  3     2     5      4.6705   0.1303
  3     2     6      6.5084   8.6269
  3     3     5      4.5235   0.1303
  3     3     6      8.4195   8.6269
  3     4     5      4.3870   0.1303
  3     4     6     10.0800   8.6269
  3     5     5      4.2682   0.1303
  3     5     6      8.7985   8.6269
  3     6     5      4.0985   0.1303
  3     6     6      7.6486   8.6269
  3     7     5      3.8948   0.1303
  3     7     6      6.6716   8.6269
  3     8     5      3.6954   0.1303
  3     8     6     11.2402   8.6269
  3     9     5      3.5329   0.1303
  3     9     6     17.4240   8.6269
  3     10    5      3.4349   0.1303
  3     10    6     24.6333   8.6269
  3     11    5      3.3614   0.1303
  3     11    6     29.0541   8.6269
  3     12    5      3.3092   0.1303
  3     12    6     26.0771   8.6269
  3     13    5      3.3385   0.1303
  3     13    6      3.6494   8.6269
  3     14    5      3.2467   0.1303
  3     15    5      3.0362   0.1303
  3     15    6      3.2698   8.6269
  3     16    5      2.7035   0.1303
  4     1     5      4.7992   0.1303
  4     1     6     11.0326   8.6269
  4     2     5      4.6669   0.1303
  4     2     6     14.3557   8.6269
  4     3     5      4.5897   0.1303
  4     3     6     15.0236   8.6269
  4     4     5      4.5174   0.1303
  4     4     6     14.5281   8.6269
  4     5     5      4.3947   0.1303
  4     5     6     11.4183   8.6269
  4     6     5      4.2529   0.1303
  4     6     6      9.6505   8.6269
  4     7     5      4.0990   0.1303
  4     7     6      8.8242   8.6269
  4     8     5      3.8707   0.1303
  4     8     6     13.0238   8.6269
  4     9     5      3.6775   0.1303
  4     9     6     20.2194   8.6269
  4     10    5      3.5660   0.1303
  4     10    6     30.4140   8.6269
  4     11    5      3.5404   0.1303
  4     11    6     38.4147   8.6269
  4     12    5      3.5694   0.1303
  4     12    6     37.3317   8.6269
  4     13    5      3.7033   0.1303
  4     13    6     17.2168   8.6269
  4     14    5      3.6582   0.1303
  4     14    6     12.5526   8.6269
  4     15    5      3.4956   0.1303
  4     15    6     12.8274   8.6269
  4     16    5      3.2257   0.1303
  4     16    6      0.5778   8.6269
  5     1     5      4.7120   0.1303
  5     1     6      7.9523   8.6269
  5     2     5      4.5667   0.1303
  5     2     6     12.1573   8.6269
  5     3     5      4.4705   0.1303
  5     3     6     13.6067   8.6269
  5     4     5      4.3863   0.1303
  5     4     6     13.9012   8.6269
  5     5     5      4.2768   0.1303
  5     5     6     11.5344   8.6269
  5     6     5      4.1420   0.1303
  5     6     6      9.2973   8.6269
  5     7     5      3.9937   0.1303
  5     7     6      6.8164   8.6269
  5     8     5      3.7634   0.1303
  5     8     6      5.6210   8.6269
  5     9     5      3.5035   0.1303
  5     9     6      9.2219   8.6269
  5     10    5      3.2264   0.1303
  5     10    6     24.1901   8.6269
  5     11    5      3.2705   0.1303
  5     11    6     38.3427   8.6269
  5     12    5      3.3304   0.1303
  5     12    6     45.1195   8.6269
  5     13    5      3.2079   0.1303
  5     13    6     40.8609   8.6269
  5     14    5      3.2546   0.1303
  5     14    6     53.0245   8.6269
  5     15    5      3.4402   0.1303
  5     15    6     66.4402   8.6269
  5     16    5      3.5359   0.1303
  5     16    6     54.6632   8.6269
  6     1     5      4.8603   0.1303
  6     1     6      8.2392   8.6269
  6     2     5      4.7312   0.1303
  6     2     6     10.1071   8.6269
  6     3     5      4.6165   0.1303
  6     3     6     11.9089   8.6269
  6     4     5      4.5135   0.1303
  6     4     6     12.9147   8.6269
  6     5     5      4.3996   0.1303
  6     5     6     10.9850   8.6269
  6     6     5      4.2508   0.1303
  6     6     6      9.4147   8.6269
  6     7     5      4.0822   0.1303
  6     7     6      7.9923   8.6269
  6     8     5      3.8813   0.1303
  6     8     6     10.0922   8.6269
  6     9     5      3.6740   0.1303
  6     9     6     15.8735   8.6269
  6     10    5      3.4822   0.1303
  6     10    6     28.2387   8.6269
  6     11    5      3.4594   0.1303
  6     11    6     40.1443   8.6269
  6     12    5      3.4897   0.1303
  6     12    6     42.9013   8.6269
  6     13    5      3.5382   0.1303
  6     13    6     25.0752   8.6269
  6     14    5      3.5021   0.1303
  6     14    6     31.3455   8.6269
  6     15    5      3.4873   0.1303
  6     15    6     48.8335   8.6269
  6     16    5      3.4817   0.1303
  6     16    6     43.1861   8.6269
  7     1     5      4.9543   0.1303
  7     1     6      5.5882   8.6269
  7     2     5      4.8158   0.1303
  7     2     6      8.0073   8.6269
  7     3     5      4.6833   0.1303
  7     3     6      9.9621   8.6269
  7     4     5      4.5661   0.1303
  7     4     6     11.2160   8.6269
  7     5     5      4.4583   0.1303
  7     5     6      9.7024   8.6269
  7     6     5      4.3137   0.1303
  7     6     6      7.3459   8.6269
  7     7     5      4.1507   0.1303
  7     7     6      3.9733   8.6269
  7     8     5      3.9477   0.1303
  7     8     6      1.8074   8.6269
  7     9     5      3.7055   0.1303
  7     9     6      3.3347   8.6269
  7     10    5      3.3978   0.1303
  7     10    6     13.9319   8.6269
  7     11    5      3.4341   0.1303
  7     11    6     23.6775   8.6269
  7     12    5      3.4373   0.1303
  7     12    6     23.4415   8.6269
  7     13    5      3.2217   0.1303
  7     14    5      3.0990   0.1303
  7     15    5      2.9871   0.1303
  7     15    6      6.4995   8.6269
  7     16    5      2.8874   0.1303
  8     1     5      5.0699   0.1303
  8     1     6      8.1278   8.6269
  8     2     5      4.9358   0.1303
  8     2     6     11.0015   8.6269
  8     3     5      4.8332   0.1303
  8     3     6     12.0887   8.6269
  8     4     5      4.7409   0.1303
  8     4     6     12.0545   8.6269
  8     5     5      4.6261   0.1303
  8     5     6      9.0850   8.6269
  8     6     5      4.4806   0.1303
  8     6     6      6.1113   8.6269
  8     7     5      4.3180   0.1303
  8     7     6      2.6534   8.6269
  8     8     5      4.0950   0.1303
  8     8     6      1.4259   8.6269
  8     9     5      3.8629   0.1303
  8     9     6      2.6572   8.6269
  8     10    5      3.6269   0.1303
  8     10    6      9.2404   8.6269
  8     11    5      3.5479   0.1303
  8     11    6     14.3942   8.6269
  8     12    5      3.4601   0.1303
  8     12    6     11.0651   8.6269
  8     13    5      3.3515   0.1303
  8     14    5      3.1659   0.1303
  8     15    5      2.7617   0.1303
  8     16    5      2.4814   0.1303
  9     1     5      5.2150   0.1303
  9     1     6     10.7184   8.6269
  9     2     5      5.0844   0.1303
  9     2     6     13.0580   8.6269
  9     3     5      4.9772   0.1303
  9     3     6     13.5092   8.6269
  9     4     5      4.8798   0.1303
  9     4     6     13.0381   8.6269
  9     5     5      4.7627   0.1303
  9     5     6     10.3933   8.6269
  9     6     5      4.6000   0.1303
  9     6     6      7.2321   8.6269
  9     7     5      4.4095   0.1303
  9     7     6      3.2002   8.6269
  9     8     5      4.1893   0.1303
  9     8     6      4.1905   8.6269
  9     9     5      3.9803   0.1303
  9     9     6      7.7703   8.6269
  9     10    5      3.8095   0.1303
  9     10    6     15.6400   8.6269
  9     11    5      3.8212   0.1303
  9     11    6     24.8575   8.6269
  9     12    5      3.7634   0.1303
  9     12    6     25.3050   8.6269
  9     13    5      3.4113   0.1303
  9     14    5      3.2460   0.1303
  9     15    5      3.0168   0.1303
  9     16    5      2.7465   0.1303
  10    1     5      4.9853   0.1303
  10    1     6     11.9008   8.6269
  10    2     5      4.8600   0.1303
  10    2     6     14.3485   8.6269
  10    3     5      4.7572   0.1303
  10    3     6     14.7576   8.6269
  10    4     5      4.6633   0.1303
  10    4     6     14.2771   8.6269
  10    5     5      4.5461   0.1303
  10    5     6     11.7880   8.6269
  10    6     5      4.3839   0.1303
  10    6     6      9.1164   8.6269
  10    7     5      4.1932   0.1303
  10    7     6      6.0061   8.6269
  10    8     5      3.9724   0.1303
  10    8     6      8.6363   8.6269
  10    9     5      3.7772   0.1303
  10    9     6     14.4088   8.6269
  10    10    5      3.6490   0.1303
  10    10    6     24.3220   8.6269
  10    11    5      3.6896   0.1303
  10    11    6     37.7393   8.6269
  10    12    5      3.6736   0.1303
  10    12    6     39.5084   8.6269
  10    13    5      3.4431   0.1303
  10    13    6      2.1845   8.6269
  10    14    5      3.3706   0.1303
  10    15    5      3.2425   0.1303
  10    16    5      2.9933   0.1303
  11    1     5      4.8973   0.1303
  11    1     6     10.7616   8.6269
  11    2     5      4.7621   0.1303
  11    2     6     14.1478   8.6269
  11    3     5      4.6614   0.1303
  11    3     6     14.8161   8.6269
  11    4     5      4.5697   0.1303
  11    4     6     14.7431   8.6269
  11    5     5      4.4501   0.1303
  11    5     6     13.3125   8.6269
  11    6     5      4.2943   0.1303
  11    6     6     11.5847   8.6269
  11    7     5      4.1173   0.1303
  11    7     6      9.6939   8.6269
  11    8     5      3.9157   0.1303
  11    8     6     13.8909   8.6269
  11    9     5      3.7176   0.1303
  11    9     6     21.8251   8.6269
  11    10    5      3.5541   0.1303
  11    10    6     35.5195   8.6269
  11    11    5      3.6481   0.1303
  11    11    6     57.3445   8.6269
  11    12    5      3.7389   0.1303
  11    12    6     63.6328   8.6269
  11    13    5      3.6182   0.1303
  11    13    6     38.0951   8.6269
  11    14    5      3.6711   0.1303
  11    14    6     43.0023   8.6269
  11    15    5      3.8241   0.1303
  11    15    6     57.5924   8.6269
  11    16    5      3.9338   0.1303
  11    16    6     41.2024   8.6269
  12    1     5      4.4281   0.1303
  12    1     6     10.4197   8.6269
  12    2     5      4.2953   0.1303
  12    2     6     13.6636   8.6269
  12    3     5      4.1909   0.1303
  12    3     6     14.3148   8.6269
  12    4     5      4.0956   0.1303
  12    4     6     14.2897   8.6269
  12    5     5      3.9758   0.1303
  12    5     6     13.0458   8.6269
  12    6     5      3.8164   0.1303
  12    6     6     11.5106   8.6269
  12    7     5      3.6335   0.1303
  12    7     6      9.8166   8.6269
  12    8     5      3.4423   0.1303
  12    8     6     13.8593   8.6269
  12    9     5      3.2587   0.1303
  12    9     6     21.3222   8.6269
  12    10    5      3.1106   0.1303
  12    10    6     33.8239   8.6269
  12    11    5      3.1720   0.1303
  12    11    6     52.7858   8.6269
  12    12    5      3.2273   0.1303
  12    12    6     58.5318   8.6269
  12    13    5      3.0828   0.1303
  12    13    6     33.1006   8.6269
  12    14    5      3.0778   0.1303
  12    14    6     39.7150   8.6269
  12    15    5      3.2060   0.1303
  12    15    6     58.4996   8.6269
  12    16    5      3.3736   0.1303
  12    16    6     44.6648   8.6269
  13    1     5      4.3957   0.1303
  13    1     6      9.5566   8.6269
  13    2     5      4.2612   0.1303
  13    2     6     12.4041   8.6269
  13    3     5      4.1484   0.1303
  13    3     6     13.1161   8.6269
  13    4     5      4.0468   0.1303
  13    4     6     13.1095   8.6269
  13    5     5      3.9315   0.1303
  13    5     6     11.5536   8.6269
  13    6     5      3.7710   0.1303
  13    6     6      9.5115   8.6269
  13    7     5      3.5836   0.1303
  13    7     6      6.9382   8.6269
  13    8     5      3.3853   0.1303
  13    8     6      9.2495   8.6269
  13    9     5      3.2014   0.1303
  13    9     6     14.1374   8.6269
  13    10    5      3.0560   0.1303
  13    10    6     22.7704   8.6269
  13    11    5      3.0860   0.1303
  13    11    6     34.6458   8.6269
  13    12    5      3.0586   0.1303
  13    12    6     36.4146   8.6269
  13    13    5      2.7788   0.1303
  13    13    6      2.0544   8.6269
  13    14    5      2.6784   0.1303
  13    15    5      2.5835   0.1303
  13    15    6      8.2929   8.6269
  13    16    5      2.4295   0.1303
  14    1     5      4.0702   0.1303
  14    1     6      5.9907   8.6269
  14    2     5      3.9003   0.1303
  14    2     6     10.5994   8.6269
  14    3     5      3.7998   0.1303
  14    3     6     12.2637   8.6269
  14    4     5      3.7095   0.1303
  14    4     6     12.9178   8.6269
  14    5     5      3.5805   0.1303
  14    5     6     11.3647   8.6269
  14    6     5      3.4373   0.1303
  14    6     6      8.9578   8.6269
  14    7     5      3.2880   0.1303
  14    7     6      5.7405   8.6269
  14    8     5      3.0606   0.1303
  14    8     6      4.8925   8.6269
  14    9     5      2.8244   0.1303
  14    9     6      7.8547   8.6269
  14    10    5      2.5999   0.1303
  14    10    6     18.7784   8.6269
  14    11    5      2.6919   0.1303
  14    11    6     31.3782   8.6269
  14    12    5      2.7128   0.1303
  14    12    6     33.7935   8.6269
  14    13    5      2.3643   0.1303
  14    13    6      6.7803   8.6269
  14    14    5      2.2405   0.1303
  14    14    6      3.8302   8.6269
  14    15    5      2.2351   0.1303
  14    15    6     19.0515   8.6269
  14    16    5      2.1792   0.1303
  14    16    6      1.5806   8.6269
  15    1     5      3.8651   0.1303
  15    1     6      4.5501   8.6269
  15    2     5      3.7044   0.1303
  15    2     6      8.5685   8.6269
  15    3     5      3.5730   0.1303
  15    3     6     10.5344   8.6269
  15    4     5      3.4587   0.1303
  15    4     6     12.0000   8.6269
  15    5     5      3.3493   0.1303
  15    5     6     12.0000   8.6269
  15    6     5      3.2117   0.1303
  15    6     6     10.8985   8.6269
  15    7     5      3.0606   0.1303
  15    7     6      9.0000   8.6269
  15    8     5      2.8584   0.1303
  15    8     6      9.0000   8.6269
  15    9     5      2.6549   0.1303
  15    9     6     13.9898   8.6269
  15    10    5      2.4872   0.1303
  15    10    6     27.9683   8.6269
  15    11    5      2.4733   0.1303
  15    11    6     37.2876   8.6269
  15    12    5      2.4219   0.1303
  15    12    6     39.1658   8.6269
  15    13    5      2.1340   0.1303
  15    13    6     17.4278   8.6269
  15    14    5      2.1560   0.1303
  15    14    6     18.2686   8.6269
  15    15    5      2.3220   0.1303
  15    15    6     28.5087   8.6269
  15    16    5      2.3633   0.1303
  15    16    6      6.1777   8.6269
  16    1     5      3.1660   0.1303
  16    1     6      7.3285   8.6269
  16    2     5      3.0270   0.1303
  16    2     6     10.6526   8.6269
  16    3     5      2.9041   0.1303
  16    3     6     12.5448   8.6269
  16    4     5      2.7940   0.1303
  16    4     6     13.8438   8.6269
  16    5     5      2.6785   0.1303
  16    5     6     13.2215   8.6269
  16    6     5      2.5321   0.1303
  16    6     6     12.6379   8.6269
  16    7     5      2.3704   0.1303
  16    7     6     12.2123   8.6269
  16    8     5      2.1936   0.1303
  16    8     6     15.0546   8.6269
  16    9     5      2.0526   0.1303
  16    9     6     21.6403   8.6269
  16    10    5      1.9868   0.1303
  16    10    6     32.5979   8.6269
  16    11    5      1.8754   0.1303
  16    11    6     42.5621   8.6269
  16    12    5      1.7512   0.1303
  16    12    6     44.5783   8.6269
  16    13    5      1.6316   0.1303
  16    13    6     14.4985   8.6269
  16    14    5      1.6570   0.1303
  16    14    6     10.8958   8.6269
  16    15    5      1.6980   0.1303
  16    15    6     19.3065   8.6269
  16    16    5      1.6030   0.1303
  16    16    6      7.3064   8.6269
  17    1     5      3.2918   0.1303
  17    1     6     12.3703   8.6269
  17    2     5      3.1772   0.1303
  17    2     6     15.6661   8.6269
  17    3     5      3.0694   0.1303
  17    3     6     17.5658   8.6269
  17    4     5      2.9711   0.1303
  17    4     6     18.8437   8.6269
  17    5     5      2.8560   0.1303
  17    5     6     18.2214   8.6269
  17    6     5      2.7154   0.1303
  17    6     6     19.4662   8.6269
  17    7     5      2.5677   0.1303
  17    7     6     22.6002   8.6269
  17    8     5      2.4345   0.1303
  17    8     6     30.2357   8.6269
  17    9     5      2.3627   0.1303
  17    9     6     40.1191   8.6269
  17    10    5      2.3729   0.1303
  17    10    6     50.7645   8.6269
  17    11    5      2.2504   0.1303
  17    11    6     70.4823   8.6269
  17    12    5      2.2307   0.1303
  17    12    6     79.4370   8.6269
  17    13    5      2.3579   0.1303
  17    13    6     51.0212   8.6269
  17    14    5      2.5607   0.1303
  17    14    6     57.9180   8.6269
  17    15    5      2.7925   0.1303
  17    15    6     70.3752   8.6269
  17    16    5      2.9872   0.1303
  17    16    6     62.8449   8.6269
  18    1     5      3.3814   0.1303
  18    1     6     14.8399   8.6269
  18    2     5      3.2832   0.1303
  18    2     6     16.8049   8.6269
  18    3     5      3.1808   0.1303
  18    3     6     18.5722   8.6269
  18    4     5      3.0861   0.1303
  18    4     6     19.6873   8.6269
  18    5     5      2.9712   0.1303
  18    5     6     18.4426   8.6269
  18    6     5      2.8274   0.1303
  18    6     6     19.4563   8.6269
  18    7     5      2.6746   0.1303
  18    7     6     22.5643   8.6269
  18    8     5      2.5513   0.1303
  18    8     6     29.6515   8.6269
  18    9     5      2.4906   0.1303
  18    9     6     37.6413   8.6269
  18    10    5      2.5024   0.1303
  18    10    6     45.1293   8.6269
  18    11    5      2.3015   0.1303
  18    11    6     66.1993   8.6269
  18    12    5      2.2252   0.1303
  18    12    6     77.1202   8.6269
  18    13    5      2.4107   0.1303
  18    13    6     40.8888   8.6269
  18    14    5      2.5154   0.1303
  18    14    6     45.7454   8.6269
  18    15    5      2.6112   0.1303
  18    15    6     62.1038   8.6269
  18    16    5      2.7488   0.1303
  18    16    6     63.4421   8.6269
  19    1     5      3.6093   0.1303
  19    1     6      6.3092   8.6269
  19    2     5      3.4588   0.1303
  19    2     6      9.6461   8.6269
  19    3     5      3.3255   0.1303
  19    3     6     11.0194   8.6269
  19    4     5      3.2053   0.1303
  19    4     6     12.1551   8.6269
  19    5     5      3.0851   0.1303
  19    5     6     12.7770   8.6269
  19    6     5      2.9374   0.1303
  19    6     6     13.0000   8.6269
  19    7     5      2.7766   0.1303
  19    7     6     13.2145   8.6269
  19    8     5      2.6051   0.1303
  19    8     6     16.0673   8.6269
  19    9     5      2.4618   0.1303
  19    9     6     23.3975   8.6269
  19    10    5      2.3905   0.1303
  19    10    6     36.3380   8.6269
  19    11    5      2.2543   0.1303
  19    11    6     53.0335   8.6269
  19    12    5      2.1676   0.1303
  19    12    6     58.8717   8.6269
  19    13    5      2.2196   0.1303
  19    13    6     24.1687   8.6269
  19    14    5      2.2654   0.1303
  19    14    6     24.4925   8.6269
  19    15    5      2.2919   0.1303
  19    15    6     37.3722   8.6269
  19    16    5      2.3866   0.1303
  19    16    6     28.7986   8.6269
  20    1     5      3.7995   0.1303
  20    1     6      3.2864   8.6269
  20    2     5      3.6352   0.1303
  20    2     6      6.6382   8.6269
  20    3     5      3.4923   0.1303
  20    3     6      8.5156   8.6269
  20    4     5      3.3632   0.1303
  20    4     6     10.0000   8.6269
  20    5     5      3.2375   0.1303
  20    5     6     10.0000   8.6269
  20    6     5      3.0863   0.1303
  20    6     6      9.2773   8.6269
  20    7     5      2.9219   0.1303
  20    7     6      8.0826   8.6269
  20    8     5      2.7310   0.1303
  20    8     6      9.2074   8.6269
  20    9     5      2.5501   0.1303
  20    9     6     14.9943   8.6269
  20    10    5      2.4191   0.1303
  20    10    6     28.1718   8.6269
  20    11    5      2.2695   0.1303
  20    11    6     43.8700   8.6269
  20    12    5      2.1380   0.1303
  20    12    6     47.6034   8.6269
  20    13    5      2.1677   0.1303
  20    13    6      4.0850   8.6269
  20    14    5      2.1356   0.1303
  20    15    5      1.9678   0.1303
  20    15    6     11.4627   8.6269
  20    16    5      1.9709   0.1303
  20    16    6      3.2521   8.6269
  21    1     5      3.4872   0.1303
  21    1     6      5.1715   8.6269
  21    2     5      3.3270   0.1303
  21    2     6      7.5812   8.6269
  21    3     5      3.1859   0.1303
  21    3     6      9.2365   8.6269
  21    4     5      3.0566   0.1303
  21    4     6     10.5848   8.6269
  21    5     5      2.9254   0.1303
  21    5     6     10.5227   8.6269
  21    6     5      2.7777   0.1303
  21    6     6     10.3904   8.6269
  21    7     5      2.6229   0.1303
  21    7     6     10.3501   8.6269
  21    8     5      2.4366   0.1303
  21    8     6     12.3820   8.6269
  21    9     5      2.2686   0.1303
  21    9     6     17.9372   8.6269
  21    10    5      2.1509   0.1303
  21    10    6     28.5468   8.6269
  21    11    5      1.9528   0.1303
  21    11    6     43.5809   8.6269
  21    12    5      1.7944   0.1303
  21    12    6     46.1836   8.6269
  21    13    5      1.9754   0.1303
  21    13    6      1.8469   8.6269
  21    14    5      1.8508   0.1303
  21    14    6      0.4685   8.6269
  21    15    5      1.4408   0.1303
  21    15    6     21.9990   8.6269
  21    16    5      1.4938   0.1303
  22    1     5      3.8018   0.1303
  22    1     6     10.6065   8.6269
  22    2     5      3.6794   0.1303
  22    2     6     12.9592   8.6269
  22    3     5      3.5536   0.1303
  22    3     6     14.0710   8.6269
  22    4     5      3.4394   0.1303
  22    4     6     14.8374   8.6269
  22    5     5      3.3254   0.1303
  22    5     6     14.5884   8.6269
  22    6     5      3.1856   0.1303
  22    6     6     14.8666   8.6269
  22    7     5      3.0355   0.1303
  22    7     6     15.8479   8.6269
  22    8     5      2.8708   0.1303
  22    8     6     20.4387   8.6269
  22    9     5      2.7578   0.1303
  22    9     6     27.0983   8.6269
  22    10    5      2.7230   0.1303
  22    10    6     35.1111   8.6269
  22    11    5      2.3887   0.1303
  22    11    6     57.3502   8.6269
  22    12    5      2.1394   0.1303
  22    12    6     73.0654   8.6269
  22    13    5      2.3570   0.1303
  22    13    6     16.8803   8.6269
  22    14    5      2.3658   0.1303
  22    14    6     17.3707   8.6269
  22    15    5      2.2039   0.1303
  22    15    6     36.7492   8.6269
  22    16    5      2.2064   0.1303
  22    16    6      5.1609   8.6269
  23    1     5      3.9291   0.1303
  23    1     6      6.2096   8.6269
  23    2     5      3.7751   0.1303
  23    2     6      8.6680   8.6269
  23    3     5      3.6355   0.1303
  23    3     6     10.4343   8.6269
  23    4     5      3.5079   0.1303
  23    4     6     11.9612   8.6269
  23    5     5      3.3797   0.1303
  23    5     6     12.2097   8.6269
  23    6     5      3.2328   0.1303
  23    6     6     12.8113   8.6269
  23    7     5      3.0781   0.1303
  23    7     6     14.0076   8.6269
  23    8     5      2.8973   0.1303
  23    8     6     18.1486   8.6269
  23    9     5      2.7434   0.1303
  23    9     6     26.2175   8.6269
  23    10    5      2.6572   0.1303
  23    10    6     39.0230   8.6269
  23    11    5      2.6300   0.1303
  23    11    6     67.2772   8.6269
  23    12    5      2.6906   0.1303
  23    12    6     76.1838   8.6269
  23    13    5      2.7346   0.1303
  23    13    6     36.1817   8.6269
  23    14    5      2.5909   0.1303
  23    14    6     38.4562   8.6269
  23    15    5      2.3696   0.1303
  23    15    6     68.6582   8.6269
  23    16    5      2.7700   0.1303
  23    16    6     50.2463   8.6269
  24    1     5      3.7125   0.1303
  24    1     6      6.4008   8.6269
  24    2     5      3.5576   0.1303
  24    2     6      8.8398   8.6269
  24    3     5      3.4167   0.1303
  24    3     6     10.5162   8.6269
  24    4     5      3.2876   0.1303
  24    4     6     12.0376   8.6269
  24    5     5      3.1583   0.1303
  24    5     6     12.5966   8.6269
  24    6     5      3.0105   0.1303
  24    6     6     13.5663   8.6269
  24    7     5      2.8560   0.1303
  24    7     6     15.2488   8.6269
  24    8     5      2.6863   0.1303
  24    8     6     19.8809   8.6269
  24    9     5      2.5446   0.1303
  24    9     6     28.2863   8.6269
  24    10    5      2.4686   0.1303
  24    10    6     41.0500   8.6269
  24    11    5      2.4156   0.1303
  24    11    6     72.0512   8.6269
  24    12    5      2.4922   0.1303
  24    12    6     81.9755   8.6269
  24    13    5      2.6049   0.1303
  24    13    6     40.2413   8.6269
  24    14    5      2.5272   0.1303
  24    14    6     42.1564   8.6269
  24    15    5      2.3711   0.1303
  24    15    6     67.2549   8.6269
  24    16    5      2.7504   0.1303
  24    16    6     63.0136   8.6269
  25    1     5      4.0157   0.1303
  25    1     6     10.3658   8.6269
  25    2     5      3.8894   0.1303
  25    2     6     13.0263   8.6269
  25    3     5      3.7661   0.1303
  25    3     6     14.5336   8.6269
  25    4     5      3.6546   0.1303
  25    4     6     15.8408   8.6269
  25    5     5      3.5399   0.1303
  25    5     6     16.4009   8.6269
  25    6     5      3.4035   0.1303
  25    6     6     17.4863   8.6269
  25    7     5      3.2613   0.1303
  25    7     6     19.4618   8.6269
  25    8     5      3.1177   0.1303
  25    8     6     25.4035   8.6269
  25    9     5      3.0273   0.1303
  25    9     6     33.5884   8.6269
  25    10    5      3.0132   0.1303
  25    10    6     43.0635   8.6269
  25    11    5      2.9114   0.1303
  25    11    6     79.1376   8.6269
  25    12    5      2.9508   0.1303
  25    12    6     88.4572   8.6269
  25    13    5      3.2101   0.1303
  25    13    6     26.7910   8.6269
  25    14    5      3.1893   0.1303
  25    14    6     22.6074   8.6269
  25    15    5      2.8691   0.1303
  25    15    6     36.4179   8.6269
  25    16    5      2.9458   0.1303
  25    16    6     22.6035   8.6269
  26    1     5      3.7553   0.1303
  26    1     6      9.3389   8.6269
  26    2     5      3.6200   0.1303
  26    2     6     12.0210   8.6269
  26    3     5      3.4941   0.1303
  26    3     6     13.5313   8.6269
  26    4     5      3.3817   0.1303
  26    4     6     14.6214   8.6269
  26    5     5      3.2700   0.1303
  26    5     6     14.3102   8.6269
  26    6     5      3.1330   0.1303
  26    6     6     14.5680   8.6269
  26    7     5      2.9868   0.1303
  26    7     6     15.4428   8.6269
  26    8     5      2.8301   0.1303
  26    8     6     18.6130   8.6269
  26    9     5      2.7072   0.1303
  26    9     6     23.5719   8.6269
  26    10    5      2.6377   0.1303
  26    10    6     30.3268   8.6269
  26    11    5      2.5193   0.1303
  26    11    6     66.5082   8.6269
  26    12    5      2.5018   0.1303
  26    12    6     79.4936   8.6269
  26    13    5      2.5654   0.1303
  26    13    6      5.9090   8.6269
  26    14    5      2.5157   0.1303
  26    15    5      2.0143   0.1303
  26    15    6     13.6537   8.6269
  26    16    5      2.0272   0.1303
  26    16    6     12.9580   8.6269
  27    1     5      3.8164   0.1303
  27    1     6     27.9489   8.6269
  27    2     5      3.8151   0.1303
  27    2     6     29.8343   8.6269
  27    3     5      3.7383   0.1303
  27    3     6     21.9439   8.6269
  27    4     5      3.6602   0.1303
  27    4     6     13.9807   8.6269
  27    5     5      3.5008   0.1303
  27    5     6      9.6489   8.6269
  27    6     5      3.3156   0.1303
  27    6     6      8.3443   8.6269
  27    7     5      3.1095   0.1303
  27    7     6      9.2505   8.6269
  27    8     5      2.9240   0.1303
  27    8     6     12.6412   8.6269
  27    9     5      2.7750   0.1303
  27    9     6     17.6749   8.6269
  27    10    5      2.6881   0.1303
  27    10    6     24.1443   8.6269
  27    11    5      2.6700   0.1303
  27    11    6     58.4395   8.6269
  27    12    5      2.6435   0.1303
  27    12    6     71.8827   8.6269
  27    13    5      2.2756   0.1303
  27    14    5      2.2176   0.1303
  27    15    5      2.0012   0.1303
  27    15    6     37.7907   8.6269
  27    16    5      1.3011   0.1303
  28    1     5      3.9905   0.1303
  28    1     6     33.6747   8.6269
  28    2     5      4.0406   0.1303
  28    2     6     34.8991   8.6269
  28    3     5      4.0083   0.1303
  28    3     6     28.3211   8.6269
  28    4     5      3.9511   0.1303
  28    4     6     21.6110   8.6269
  28    5     5      3.7628   0.1303
  28    5     6     15.4502   8.6269
  28    6     5      3.5899   0.1303
  28    6     6     12.6391   8.6269
  28    7     5      3.4246   0.1303
  28    7     6     12.2930   8.6269
  28    8     5      3.2403   0.1303
  28    8     6     16.2535   8.6269
  28    9     5      3.0901   0.1303
  28    9     6     23.0099   8.6269
  28    10    5      3.0063   0.1303
  28    10    6     32.7252   8.6269
  28    11    5      3.1203   0.1303
  28    11    6     77.7039   8.6269
  28    12    5      3.1884   0.1303
  28    12    6     89.7316   8.6269
  28    13    5      2.8542   0.1303
  28    14    5      2.8299   0.1303
  28    15    5      2.5306   0.1303
  28    15    6     45.3140   8.6269
  28    16    5      2.0514   0.1303
  29    1     5      3.4862   0.1303
  29    1     6     32.3026   8.6269
  29    2     5      3.5084   0.1303
  29    2     6     34.7879   8.6269
  29    3     5      3.4657   0.1303
  29    3     6     28.3712   8.6269
  29    4     5      3.4060   0.1303
  29    4     6     21.8603   8.6269
  29    5     5      3.2330   0.1303
  29    5     6     16.9202   8.6269
  29    6     5      3.0659   0.1303
  29    6     6     15.3614   8.6269
  29    7     5      2.9010   0.1303
  29    7     6     16.3689   8.6269
  29    8     5      2.7059   0.1303
  29    8     6     21.4258   8.6269
  29    9     5      2.5030   0.1303
  29    9     6     30.0712   8.6269
  29    10    5      2.3135   0.1303
  29    10    6     44.8004   8.6269
  29    11    5      1.9314   0.1303
  29    12    5      2.2361   0.1303
  29    13    5      1.9761   0.1303
  29    13    6     30.7037   8.6269
  29    14    5      2.2464   0.1303
  29    14    6     36.3031   8.6269
  29    15    5      2.2377   0.1303
  29    15    6     66.8915   8.6269
  29    16    5      2.2170   0.1303
  29    16    6     49.1901   8.6269
  30    1     5      3.9038   0.1303
  30    1     6     38.0543   8.6269
  30    2     5      3.9668   0.1303
  30    2     6     41.7042   8.6269
  30    3     5      3.9337   0.1303
  30    3     6     34.7714   8.6269
  30    4     5      3.8975   0.1303
  30    4     6     28.2068   8.6269
  30    5     5      3.7923   0.1303
  30    5     6     25.0905   8.6269
  30    6     5      3.6544   0.1303
  30    6     6     26.5632   8.6269
  30    7     5      3.5130   0.1303
  30    7     6     31.7959   8.6269
  30    8     5      3.4564   0.1303
  30    8     6     41.0147   8.6269
  30    9     5      3.4891   0.1303
  30    9     6     51.1827   8.6269
  30    10    5      3.6051   0.1303
  30    10    6     60.0941   8.6269
  30    11    5      3.5244   0.1303
  30    11    6     68.6297   8.6269
  30    12    5      3.2066   0.1303
  30    12    6     68.9424   8.6269
  30    13    5      2.8343   0.1303
  30    14    5      1.6141   0.1303
  30    15    5      3.2077   0.1303
  30    16    5      2.1933   0.1303
  31    1     5      3.4458   0.1303
  31    2     5      3.6700   0.1303
  31    3     5      3.8129   0.1303
  31    3     6     79.5006   8.6269
  31    4     5      3.9221   0.1303
  31    4     6     64.7101   8.6269
  31    5     5      3.8147   0.1303
  31    5     6     51.5385   8.6269
  31    6     5      3.7472   0.1303
  31    6     6     41.2296   8.6269
  31    7     5      3.7115   0.1303
  31    7     6     32.7525   8.6269
  31    8     5      3.6162   0.1303
  31    8     6     29.7581   8.6269
  31    9     5      3.5659   0.1303
  31    9     6     26.7986   8.6269
  31    10    5      3.5660   0.1303
  31    10    6     24.2964   8.6269
  31    11    5      3.3064   0.1303
  31    11    6     18.3372   8.6269
  31    12    5      2.8000   0.1303
  31    12    6      2.1059   8.6269
  31    13    5      2.4775   0.1303
  31    13    6     77.3209   8.6269
  31    14    5     -0.7598   0.1303
  31    14    6     16.6252   8.6269
  31    15    5      3.0475   0.1303
  31    15    6     61.0705   8.6269
  31    16    5      1.8329   0.1303
  31    16    6     56.3484   8.6269
